4000 500 7 0.41873445152877 0 0
0.294592304303002 1.5528379452091 12.7736557941945 5.84518865185752 0.198537234436853 -6.80188300276915 -10.4629008119166
0.289769642336176 1.08066047789464 -0.324808149296223 -0.854531868152595 -0.197668467406007 1.09269729215277 0.087837252416443
0.47226774017199 0.303727219191471 -2.03196771926467 -0.784090462263823 0.928729391819475 1.1456925716104 3.70176269764903
0.490611177022634 1.85993080083674 9.51923437832651 3.8224920303188 -0.440839869505868 -5.07764293946808 -5.39373165113022
0.695741328035239 2.96704712557528 7.8833020557484 2.39712303453455 0.262346333110194 -3.0769618660857 6.27188107628787
-0.0233549859293883 3.36414306275463 2.46892424866288 2.58258722096537 -0.105514573384836 -2.73478247291886 -3.32961175126613
1.02632969614827 1.13052891709701 4.50642421171541 2.08891326157483 0.450287212274899 -2.33785550136061 -9.87364849444887
0.992740485424742 0.160118699101535 0.701174806250645 0.806382931606239 -1.45523636092301 0.662619192105019 -0.911401835507035
0.745100859810168 1.14288398754702 3.72372688279258 2.00640048042353 -0.923313431747265 -1.1088781262603 3.48823301265819
-0.693646988216606 -0.107322836519336 7.0627342422088 2.44195816549105 0.604169926154314 -3.75350798433873 12.1544309908516
0.556173827023174 0.320374256192234 1.7637010861577 1.41675913664684 -0.313916375557671 -0.915391374097444 -13.5354889217578
-0.365541028960782 -0.369815197636856 0.160945687846632 -0.182889933504379 0.575900742641119 -0.251900146720731 -2.99583317231438
1.19792295883423 2.45318335557704 15.5165126561848 7.6049725526635 0.025686529691648 -8.45305553038301 4.48396466474605
0.587597608781919 0.737329176338535 8.95326760730841 4.35883272850782 0.312503539606635 -4.13321514366005 -9.37221831641192
0.0903617631785353 0.61546201345941 9.29118536097318 6.18233300704355 -0.124584568551555 -5.72450713352713 -2.51254782053911
0.42056638134154 -0.156207984535447 3.43623378227432 2.18296448106735 1.43769625460646 -2.2510220805167 -15.4539634808136
1.14049419825361 -0.297135236116023 0.219188696721576 0.967205592932831 -0.0992168765836792 -0.830371746558912 -14.615897163828
-0.175032954145814 0.131147576117168 1.60988423117238 0.0355716751090809 -0.368646233775665 0.53071920225707 7.46076613403226
0.752649887402328 1.68267304213844 11.3884307411472 5.15475428107053 -0.0794951238904517 -6.57044194717209 -6.14904570118833
1.85486462903677 1.58495418807289 18.4567492399002 9.63449271420967 -1.19937445653489 -10.347926565999 -17.2543448727574
1.34151600697401 1.16801474746685 6.80490990074049 2.63900897420145 -0.913475630571242 -2.89018291839245 9.01866452952876
0.183101612801702 2.14396628261488 2.73274229621449 1.32649390709513 0.304976189909454 -1.5593745259832 -5.34175217829783
1.08818840997681 1.05512355354972 13.6898366473462 6.19583961862328 -0.457309039326346 -7.62526637592499 -0.422564640805886
-0.291980410839678 3.40190833661823 5.79533752628599 2.70181582130541 -0.99416969846985 -2.09381881977087 6.81965636595851
0.600158594262415 0.438753595729468 7.91520620380014 3.65456077619132 -0.347786223930664 -4.47349094079694 -7.52448884777804
0.291885618735142 -0.707682307545347 8.95528489239839 2.66811470031962 -1.1814193349314 -3.87784022507347 -5.06313164493078
0.437235891136407 -0.130761023009029 -0.0258088926875068 0.767008362263106 -0.707643392861687 -0.72740398162299 -8.15055453013963
-0.780017974012655 -0.996534781545315 3.60414407201095 -0.783930962550718 -0.378532154971713 -0.183989138691616 2.61605556796283
0.0461251733984052 0.422066713168206 0.542121858985287 -0.369988612616794 -0.0815307831446472 0.934101798991986 1.21349715637097
1.06546796088983 0.193409680988592 5.9192585227438 2.75832304386374 0.0646443923940765 -4.14050591530536 -4.99980110396149
1.02763119476694 1.38350997655126 14.8662756206197 7.97678367107505 -0.69079228911969 -8.41164623622752 -9.55958514429413
0.396427601407753 -1.315236848845 9.04892646503166 3.93557215060421 -0.515636173890252 -5.83286146099522 -9.2175755955372
1.01461954367303 3.58491327012698 9.79478101039503 5.95491215912847 1.33680868875164 -5.4509700338359 -17.8517248181136
0.596286097646623 0.739444918676186 2.74521193460735 1.35974364142929 0.384145833217951 -1.352881903115 -3.33390867161985
-0.62647922744084 -0.309206082354541 7.17140055854633 2.26021130527389 -0.610794921918944 -3.31531772672427 10.2288224791509
-0.499007231141951 1.50497246098436 2.61548133124314 2.23039737128551 1.06843811066171 -2.98701092554961 -21.3864100635682
0.414326522098494 0.837690206774544 4.49761045502715 3.428669975844 0.316645738714078 -2.04396799883776 -10.5845431209167
0.920031708936825 3.5301989661799 7.56801246054817 4.47022789673521 -1.31243342570766 -3.79303082590821 -13.6976021127828
-0.072965315764514 -0.587632823413547 5.41488039958601 2.57078343848867 0.541942243910982 -3.51143509305848 8.73623716429932
1.02344048621601 -0.52391008504084 5.02869716469023 2.29057486192391 -0.894977797661257 -2.3155537930096 -11.4905029760936
0.174172517625205 3.8516954345232 7.03369814700798 1.85168117185172 -0.740820661412385 -2.6164237986434 11.3620313282933
0.917234740807189 0.331327105518763 1.06582945620908 0.0352082236731696 0.656547135739826 -0.0616065881214124 -3.60038622663519
1.20140936361275 -0.61282446053914 6.07258195363591 3.69775211352997 0.505316484628891 -5.06649603232846 -4.70747143172863
0.10150402763786 3.29937141043753 1.59301160502541 1.61366480725316 -1.09736457132459 0.545738110106879 -0.116162391023992
1.69479929956034 -0.725522296588208 8.53655739539043 4.53582733832988 -0.535750372524109 -6.1138171825112 -12.4055106291406
1.18399400610703 0.196488208022275 11.148690410638 5.00529680240327 -0.344566082044327 -6.33677535790108 -4.22257906536093
-0.157705354179236 1.66317427617165 5.20857238030559 2.46304663408085 0.136338780363811 -2.96812938718323 13.2968677804638
0.735715864460509 0.205705327763494 8.98523964271812 2.04155007279177 0.0482894197570871 -4.08134121879541 -0.541427279459297
0.562129115875744 1.69461355391189 9.88201447795382 4.80576677462967 -0.169931620888915 -4.96109003231232 -9.7240713672528
-0.275428670328117 1.13406019253025 2.83608610371492 0.251213003940255 0.305031905194488 -1.03988391689377 -4.60182642326938
0.485275968882602 2.27750925691027 1.94629072541973 1.06690639738557 0.762074455453586 -1.61742723500785 -6.49948418182777
0.7041641100977 2.28367833867493 8.49082049710504 3.63887762275294 -0.158351304971021 -4.16066617861204 0.0710708551884283
0.488823545150868 3.77492027120913 6.7097803963421 2.91977291468678 -0.519596166781487 -2.17382179923875 5.30041636026725
1.10006147021938 0.843756729392426 11.4275116846702 4.98066211227153 -0.731456367915261 -6.54837975349333 -0.104331457401915
2.29848120027816 0.586763517241024 9.60311255124293 5.31438375441669 -0.523652659600438 -5.39450728160719 -15.8329099110666
0.834648458191324 -1.20481507718501 15.5081749735473 6.65802861041677 -0.60213374037625 -9.89445940469315 -2.22935669197745
1.3719502227095 4.36778721734525 10.4528228601261 5.7393528378748 -0.0620504270590763 -6.00338663555909 -3.1343988312373
1.69690409446103 0.423373794971615 12.6494475021871 7.41508928758837 -0.753366345868575 -7.86780485507669 -8.58098781544872
-0.585301616907292 3.9011871220613 1.48887991559909 0.614038514634592 -0.898740626641912 1.0243135920446 1.67772033860083
0.0845654598416119 1.85044703862935 0.388098365676547 -0.738215129791449 -0.480642893649203 0.84553628246519 1.92944824226716
0.312510807552057 3.45744058892161 2.3629081241376 1.0683403308154 0.346137653772619 -0.924276691519561 2.16003040725006
-0.0980665116148547 -0.127026586501534 0.566046551741284 -0.0294798437712263 0.525425259249451 -0.286685187940114 -12.7521374857808
0.17039523477677 -1.50109448544157 -0.0459669190540641 -0.494879982216138 -0.0356251199585513 -0.030023375091706 3.17867532054115
0.404281149872432 -0.10929316129309 2.4239584213993 0.179672102265802 -1.03220579622297 0.1888133193836 -4.47104764236552
0.184597766565016 -0.291440015982983 5.78797506916048 2.85040600343184 0.0858849198008044 -3.50482271567936 0.311260321382573
-0.39125432650732 1.55614060344319 0.570167977976811 -0.306543407348915 -0.199631611633759 0.262697528552438 -0.985257971958264
0.308985218264843 1.60577561595685 4.28643398478677 2.7757085743531 -0.858337689088436 -2.40420412765521 -16.7066768004324
0.193172262323145 2.76387008630836 6.04275011008174 4.55985108030014 0.460717365069545 -3.37854470241505 -7.61394065430488
0.175885355394358 3.37402551803533 5.3633342178955 2.06725986695834 0.108952723302742 -2.57324218323136 0.396139886617322
1.00385371736048 -0.0859372998238674 9.32843730821195 3.88684647364076 -0.361492235344237 -4.95776515522638 -1.73322108536541
0.120702929115666 -0.824940234165436 0.3378529283646 0.957274168299262 0.130599693566545 -0.894995965615564 -2.6499252491582
1.08189892608337 2.26691641110088 1.76963306303528 2.06339179867938 -1.18573687422614 -0.314867815598556 -6.33110524596374
0.170406156947032 -0.285949767144682 0.496546521844841 1.14044767958452 -1.09124371186792 -0.125574523706032 -15.7415908393088
0.434497725452648 1.31593260788904 8.73388332179842 5.49536670407042 -0.639073080407781 -5.86134093526099 -18.9707629588587
-0.164452198416421 0.238622754142721 1.47925026237399 -0.0943891497857877 0.29545194085014 -0.270609252344261 -7.70066343503056
1.60306983778572 0.938889163425173 6.98709253139038 3.26994126419976 -0.272757754934551 -3.3564943662192 -5.64309849830106
-0.291291897165275 2.0379837183878 2.00179093321134 0.206836629654891 0.164613565138986 -1.08048377594901 -3.32341172335536
0.682096415513577 0.896424859520751 6.03140297022603 1.32124008799803 1.27272109322096 -3.14751794751694 8.18591344951826
0.229534142265065 1.4143043075705 7.58844095670752 2.74325157825937 -0.00793589926666494 -3.56322942774873 -6.072259337393
1.50656725686699 0.486248870845705 9.37749243185581 4.80133426197945 0.13476999856366 -4.99692816105764 -13.2501738509057
1.74543750839233 -0.220599914501714 11.4055597116552 4.38974089609976 -0.556330109906848 -6.15540025163686 -3.77417843499539
0.153938123122525 4.06178306923359 3.95548286790111 2.01251226972317 -0.55004566892836 -0.469016457924153 -2.11775175397409
0.808149337238462 -0.30927952194237 14.2343785234777 6.41582869552539 0.115446289385409 -8.87835170650133 -6.13311212596775
0.77405478546201 0.816810241550263 16.2680465756985 6.58213705316562 -0.533741435118583 -8.73017834153891 -2.67963411854232
0.813845503267835 0.183402815632783 11.4137172050823 4.57481212029111 0.426441080510672 -6.94194872335729 -6.46299202943313
0.0525863282510439 2.94892212476738 3.25055566672461 1.2268486637638 -0.135298719101054 -0.816851030882415 -2.91448280031404
-0.190553893547426 1.07646789804308 -0.202905360097433 -0.680126312211431 0.461468074885379 0.809004364398728 -0.77318076315933
0.738189246423657 0.219255590511976 8.5751609428807 3.41736281197391 -0.0783221128769443 -3.78498605834508 5.72699522879981
1.18978512940438 3.33763752877177 13.1703136746551 7.24326905750096 0.172471163718966 -7.93324764901025 -4.7757639727804
0.933592162225495 -0.836561687918235 8.14880205961357 4.41908601946648 0.0540472095854592 -4.90973963429757 -5.3095939641188
-0.386130161724419 0.346837662780941 1.76671318651659 0.19463858078006 -0.0626241858554398 -0.73669755113807 5.78465575635556
1.84194755854636 0.853076203100145 11.4237958883438 5.45696417720878 -0.357160943435919 -5.96400155495756 -12.5883710722596
0.676697932883364 1.61894944935152 8.68956006467712 3.60575089097547 -0.529524702382773 -4.73392410725936 -6.4597691116452
0.087061477137059 0.27828719178253 9.76400791977731 5.005819451108 -0.859436612458836 -4.48495442213007 -4.20828736393552
0.555819118914365 0.99283446282679 6.0658011081383 2.4712907378393 -0.416499032324608 -2.04681023614906 -11.3060756533746
0.812972487666633 1.44954741908825 11.3590207070521 6.1342522991459 0.149998909974536 -6.90530978649927 -17.4832924624646
0.574578912394123 3.35588596012661 6.94419970311458 4.15919724817286 0.0955044888361987 -4.46503037891896 -7.01556556199432
1.29418648589413 1.36723077522622 4.9653728612312 3.56843556274354 0.895743187368872 -4.19774682892885 -16.2782557421616
1.10021833641124 0.985332986106608 8.96778451497726 3.8887926709813 -0.0810898189901947 -4.25825095624906 9.6625938927217
0.65272879265718 -0.435187993951129 4.36296679156276 2.13431467999129 -0.219581789893764 -2.04942123642199 -3.38637746084592
0.0494041267902753 2.08157688995822 1.98746197776675 1.14394017272308 -0.0571183015514088 -1.20052327171909 -6.46469643593533
0.607068070420847 2.09201385160751 7.12550571690837 3.62605981072784 -1.13676869018863 -3.16859231634603 0.757159785215684
0.628004759301147 2.54809781101157 5.12365262247852 1.9583182807872 -0.130700098585316 -3.00121812682262 -3.20412107864219
1.23522123162171 1.30876873281779 12.0161986908006 4.97018366300971 0.315721945744691 -6.96638694520073 -4.10169930194432
0.400609014821191 -0.743871322772379 -0.168560540581567 0.438478905782683 -0.0308106075160433 0.57822228705719 -9.45655602726195
0.0657847762906013 2.31488923619397 5.28138569050226 3.77034804380062 -0.98484876050512 -2.56329459204414 -7.08862612129735
-0.262514717445341 0.475051054529729 -1.89410120747405 0.166928549879288 0.641566238120338 0.518548415476418 -0.237585199890232
0.234111579212792 1.02365047879821 8.58107281856772 2.97470841630625 -0.796678917960044 -4.42921680002452 2.52992738762806
1.10344418285316 1.05370854612378 11.8068189189116 5.53782283491174 -1.10389722458681 -6.53382997655396 -5.05113249485668
0.278306984637696 -0.0663845084810131 0.547926160477593 -0.0982078620981839 -0.618928949835709 -0.124705190032366 -7.68300104699371
0.78890231295803 2.50575157808603 11.7139208013062 5.98856779755596 0.149847321706511 -5.90174518059526 -7.87514033827754
0.340592628936788 0.439141006799767 7.79239013557142 4.28661690616822 -0.285460759107488 -4.5904790959997 -2.74478877650064
0.227822271183735 1.96763133712468 2.23683495763306 1.56723335850451 -0.310806353101996 -1.09992123326705 -0.565610562228987
-0.100274748502983 -0.321944946714387 2.77309421360935 -0.321577130175352 0.231807009119622 -0.875237340660344 -4.0788386943641
0.816259663257097 0.159264663879726 11.3556558586613 3.9944160563054 -0.0666442952501387 -6.32115610902638 -10.1751220056572
1.02926910432524 3.01514639445569 13.0109714274759 5.68626045025291 -0.0773473276884623 -7.03340561901692 5.05787947918729
-0.0986630667755328 0.488793974808318 5.89797781864161 2.81280618877469 0.579455002252629 -3.78997829823618 -8.8645169713984
0.239204000554401 -0.106361720525573 -0.44220773068882 -0.622439035461617 -0.136087715488469 1.0033609032269 -5.15973882793109
-0.028394434958026 -0.0217493539887791 0.597563050334225 1.136901274833 0.864396707043403 -2.17719231921811 -4.82856436459227
0.807351202860917 0.348003612476345 6.31748106637139 4.56561887086159 0.47836474623119 -4.61513380432937 -7.98234798737443
-0.262202574919916 -0.153335277028073 2.06080188221955 0.132495544674563 -0.0584804345039615 -0.465097825838041 9.08913209052696
-0.84009182325065 3.70801726582711 3.51988245783471 1.97372944638611 -0.806288553347827 -0.790494347521173 -5.4880873729437
0.413527080325643 0.877656177920476 13.6767070307264 6.44010723718722 -0.753888915156118 -7.31032652644497 -10.5278255633143
0.629952653837156 1.76573281766977 5.68755658824893 2.32595845659887 -0.386774021784811 -2.38688892250049 -9.75843459206054
1.74306565919065 0.700122400689207 16.5975737093101 7.48431341492291 -1.12858673240576 -9.40501924152158 -15.6694319096358
0.880950101343132 0.732934804842652 14.0029577426308 6.5527588544281 -0.364270123726269 -8.55438885018716 -6.27451168726554
-0.635079219697216 1.56448782233557 -0.339308707600894 -0.674212791409958 0.722183669014216 0.120674133785669 -7.98874454691269
0.094428202774792 0.19630216380965 0.650225949709474 0.374354066542083 -0.0580439810037759 0.273771730386923 -7.7086337842951
0.144097261415042 0.674290562350754 -0.0562388101854751 0.55055569757428 -0.534002204591166 -0.538245783473861 -10.2352782352713
1.1855656848082 4.31930052118384 6.12944838629971 3.02120759607318 -0.910710434248375 -1.83345265751512 -15.3672624800248
0.177891028209649 -0.923379533836125 8.19065853149026 1.59988243256562 -0.0248939657071079 -3.21717371836504 0.170260775311621
0.23876132642011 1.26248530035334 5.55489362963815 2.42750476349901 -0.860741341359025 -2.61237665211342 13.1379363037437
0.0296053086413162 3.25412383905694 2.99744280145808 2.65581178568644 -0.104436022992464 -1.45476362357273 -6.41034839294376
0.698683319894776 1.37608069909434 6.08857709430629 3.67089418918545 -1.87637846570989 -1.33804735872148 -7.43131259877964
-0.127356856179116 -0.199905059376818 9.60094262422035 5.1754806019777 -0.794584776580646 -5.21122086899383 -10.35900994969
0.845453194452582 0.211303688311608 7.55469693324465 3.66190761810805 0.607385235820624 -4.38965854734674 -3.5950403142981
1.44470772282283 -0.313349174078266 9.8634750118547 3.99998102864602 -0.877857102051009 -4.619629392985 -9.89528846871814
0.0927993830713658 -0.416565962435931 -0.117312433214477 -0.824130296580919 -0.194154441486463 0.661385922392967 0.139092537406867
1.46228881028788 1.92636153090501 17.6043300688617 8.15548120010866 0.0215421954336791 -9.57779384062169 -7.78469161760737
0.801262632373129 3.50448075931102 2.00853425237239 3.16756479765842 0.649503564132111 -1.63133000087672 -1.86750759309059
-0.60783757104921 -0.963553936520421 11.2777075524444 3.99319786299688 0.336456814154534 -5.42091767163369 -3.10873274497954
1.22059025364254 -1.27827435376853 2.96813973832534 1.81465708599123 -0.362915934887335 -1.37528728429373 -11.6000874960858
0.803469949768362 0.4509649745031 9.985189341969 4.18141222727137 -0.536389232719755 -5.35410798438812 -4.52328143486714
0.609313863004642 0.0228699411655768 7.04718070559816 2.37812854316285 0.455181684729496 -3.21101122655317 -5.17060803012084
-1.2788696284155 0.753635043491315 0.620778568965708 0.0452627901902253 -0.479675769373161 0.379285273055678 9.51180579629077
1.39188977119634 1.21954529127927 4.8220646153732 2.76606656108994 0.036035930416622 -2.65853750794257 -8.00395666562276
0.66663358144618 -0.226393572662829 1.42435504397859 1.78765096763902 0.0823377759131986 -1.44850974426753 -16.2909908200696
0.76672024316467 1.10326066256464 6.93317349607437 4.35676966389261 0.287966519582207 -5.08820801197451 -16.5501597991273
0.796749644948941 1.51019672268026 1.7782378906028 1.74952133474032 -0.402774389298829 -1.11955320695896 -12.3485291303683
0.15552356562087 1.15481798244195 2.05882962247609 1.4433053688792 -0.192147423727087 -1.3217804438146 -3.51579914992339
0.0118083719036965 0.366276927740079 1.58197562304069 1.03883749728233 0.318148025118311 -0.455250945387668 -10.9008967381971
1.3724315329899 1.80495815975742 12.0052291102152 5.5159427031928 -0.554309604944791 -6.27549111464463 -3.69039122126782
0.178737240608034 2.2622246193989 1.29598980832223 2.23396261368545 -0.157264790074393 -0.933416322456424 -15.1722090855492
0.628256901330015 1.20035932446214 0.935314438755512 1.50041344873946 0.18440551054052 -1.17539117589483 -1.31470653338241
0.623721633366793 0.753240399130464 9.5308999512205 2.17884458391486 -0.270686859921713 -4.2357668305104 6.62161288118709
0.927382886943663 5.57993432010181 6.59452946638238 3.74794397441404 -1.35965425485919 -2.92826659846361 9.1137086685581
1.38336421580699 0.648003777755256 14.2348204925475 6.45108898600868 -0.190068505109295 -7.2920856572407 -16.8110980864347
1.12189476895032 -0.625386342400358 1.46992884992806 1.46404375970974 -0.20692721901104 -0.724207047997546 -3.92555447301266
0.429705622838441 4.30511430667463 3.94877746861726 3.03782421382854 0.215507542390176 -2.21987419150694 4.42224762705174
1.32360347168594 2.02859100111603 17.8358642812991 8.68052159011835 -0.399620362478419 -10.0820827029183 -10.685788704908
0.399072427028229 -0.475248606821317 0.907558634465363 1.73684773927876 -0.0673233692209263 0.063313495871742 0.897216401484773
0.311186817619205 0.434295631987734 0.626035845664403 0.995328282843779 0.00388412490908518 -0.416040676832277 -15.5284187303241
0.578465085852862 1.23148413857908 9.50776090148964 3.62996200566956 -0.366807970950335 -3.98151889913454 10.8897991840447
1.36612533179364 0.0951139654224015 18.3124315453965 9.72048161086759 -1.49718799374415 -10.2660194705122 1.79951899247903
-0.665890539645343 -0.490271398164853 7.92980816795026 4.11325112261349 -0.0824372070335351 -4.02524160970505 1.8741404010532
-0.60811936396794 3.34383046297349 1.85821514143849 -0.4379238565206 -0.801202975410766 0.249190608621934 -0.0376424606705424
0.795368138385089 -0.282010591686923 0.535670714564955 1.588853454173 -0.235444442297626 -0.776319604155246 -7.38539839884803
-0.5921839667982 1.52132620438326 3.42743096570453 2.27399981391133 0.138000479705354 -3.22216353047509 1.30368789101651
0.49557578622361 -0.0125394336758209 8.6570755189827 4.59121093428213 0.87567274449865 -5.31040948530648 -7.29501082942281
2.54174701318627 1.32152738240626 11.355592450098 6.86041447738813 -0.343528704836916 -6.59211056839508 -17.6600138141432
0.871712831710847 0.222556355811206 7.23298581855811 2.90218620681099 0.400883032206039 -3.76891222586646 -7.71646530392215
1.1194165339029 0.109820352196895 5.44151660129838 2.68905082680059 0.826265976689215 -3.11517338307518 -9.43745901018459
0.583123391577637 3.91228772153809 6.36478959602199 3.26471408690533 -0.284265558471279 -3.2087754832856 -3.63505549447505
0.755174540784073 0.2963587526352 2.9084329159229 1.58508837966668 -0.648864601661144 -2.14128674875148 2.2200797703672
0.139200793056302 3.19411108529436 6.51967859582835 2.80062194578333 -0.641051184234774 -2.30106260648925 -1.2017158112131
-0.353317997110259 -0.210125903906222 0.495468390677307 0.893498099998821 -0.933343764269092 0.391822745627287 -1.57260748896587
0.302403051533991 0.0415963915547782 -0.057332395446323 1.89811635374138 -0.203493212762952 -1.2126112007297 -10.6158816063941
-0.0928163004039181 0.716237019974461 10.5746178203743 5.12609014550794 -0.0426192192404619 -6.33744966223451 -8.04571804521602
-0.146815102618947 -0.136088760722965 -1.71711414797631 -0.483305835959212 0.303109751662529 0.772030087833985 -4.23060567356916
0.932195813318456 2.0767042055565 10.7022853159165 6.10822809917531 -0.249033342875565 -6.79644089338987 -3.90799894390364
0.0337089644062189 0.709553864498607 5.74858430349903 1.52733872223309 -0.804559579747435 -2.31285928217896 -15.3087430476541
0.911693851562956 0.94624872190343 7.55577712421719 4.95134334791853 -1.363071156094 -4.54015870191055 -10.4086046685344
-0.587469592809813 -0.415371554455491 -0.401083541237167 -0.770195141313584 0.831796556145594 -0.477673482217441 -0.482800230970612
1.22527881287856 0.48603170164637 6.59769950744185 2.57990107537084 -0.0547689962424119 -2.80597179176359 0.147554431939782
0.125072374119217 0.623978222623533 5.84811249236693 2.99951071678539 -0.910227313457814 -3.17359702868916 -1.66174333979609
0.263846880532204 0.767046100242147 10.6529347553083 4.54733847118738 -0.567385628653179 -6.27161467166829 0.979686443052672
-0.180888350251062 3.83969501460371 10.1354334887689 5.43705807865139 -1.47679483792238 -5.66557837245334 -8.4123751609164
0.569624215474753 -1.11202860915763 5.16743703828589 1.26677742447156 -0.341372327572249 -3.62054075100942 -12.7239763928442
1.37989304879848 0.464621512914777 0.0381428158266462 0.452109156272416 -0.709907982885289 0.137481709359145 -21.3929378148124
0.0564111149535627 0.36108884444777 9.63037688676639 3.06603888976178 0.0276505897351076 -5.08059076586078 -6.70246198640503
1.29136966291863 0.168078818761477 -0.263789709595054 1.35979691965492 -0.169908272191035 0.0323626712020708 -13.8370507531586
0.512887073350095 0.285508646178011 4.09932144473555 0.922236055884591 -0.200708365935824 -0.449809189778206 0.140719794078242
1.34615336654104 -0.0469894976862028 1.97175336751706 1.50570246354384 -0.0408446642196591 -1.07216062601287 -16.7630754521971
0.131072369168761 2.79325068086066 2.24318117838494 1.73572799589022 -1.62591438742068 -0.488424490156575 -9.05355819374934
-0.0915907694416503 2.21423619754164 3.35630707563602 0.629287953010891 1.13155941767641 -2.09131565575714 -1.7010394129554
0.337982337528986 3.16646908355042 1.17147964277578 0.0854926465687106 0.546295242184538 0.884559483959409 -3.48408189357524
1.53126138026422 1.65302756158896 3.44640922954027 1.87436592163699 -0.29229975882121 -1.76854900769349 -9.08302934256486
-0.10432853632813 1.52156011505169 0.970161435536972 2.43360350085335 -0.605432648145552 -1.27338502118896 -13.9071746211942
1.1244188035039 0.707198877898703 10.1123798364806 4.64689392103219 -0.671889105050285 -6.42815592246762 -9.05159679597524
-0.142511245021421 0.181996698427272 -0.775318038498885 0.0161470958574144 -0.171426329950416 0.816609247812799 -12.1594309391934
0.739279747847837 2.98903581753057 3.35164511521487 0.531176547106476 -1.2275924053267 -0.868335628648119 -7.96457917341069
-1.00507464786386 -0.00079990807510999 -0.677976948003549 -1.18825738040728 1.04848501814556 0.329171186241698 -6.62983635020294
0.322284442869718 0.362202796328993 11.1614452542964 3.72129760687215 -0.126497119504868 -4.83936977611105 6.30525481201737
1.12932124320974 5.66827208374124 5.61036462195571 3.80425024665759 -0.0160250178988007 -3.21584411094566 -6.23128347116472
-0.00997766419980313 3.3042801123056 6.52998316191883 3.5068181649886 0.115077230106436 -4.03350263730429 3.70664719796936
-0.58259119514126 2.60232714338971 5.2560952383843 3.28999408447624 0.701966366859673 -2.41947909221482 0.0835246316024915
1.10541417138517 0.548136651597845 5.22100824959367 3.1430836160133 -1.39484582866316 -2.77695216188415 -12.5914615055541
0.990293494324261 1.41046038666568 7.54062060497022 3.99169878340935 -0.69138356229397 -4.3935970456024 -4.35914466649635
-0.271686089242133 0.548808775842244 8.52732530978058 2.22913091352989 1.13597957119953 -4.65731709291285 11.3856177546873
-0.597200954123351 0.144261857275307 1.2183786329059 0.673106255232357 0.345622832591691 -1.04929428015828 -10.1007418275058
-0.117233636700548 1.19287905866957 10.1437601888784 3.88569534175928 -0.0773875094342105 -4.20036945489789 -0.699772696113146
0.68172320155854 1.66738217067362 2.43368334100445 1.57994852339326 0.364991120381034 -1.39563120772221 -0.743557370238367
-0.255788254875607 -0.498740323632861 4.10271466679571 1.51940885851064 0.126860748089104 -2.57952413441481 -1.49359732843733
-0.0414875763177608 1.61752117892345 13.0581292463754 5.4864210351411 0.139748931707819 -7.83867476108706 1.46288369121263
0.679568884956806 0.788979460481574 6.93464583834638 2.75671918576732 0.605564425769223 -5.46548848560163 -3.74379468441927
1.09446784568635 3.98170163913292 10.092847650362 6.24687300480463 -0.634487531385251 -4.92637955540934 -12.1585563373693
0.0260812444876544 5.21029667128343 4.5456790453227 2.66331684274371 -1.15160804045542 -2.31720822687477 -3.07260988528875
-0.628212742175429 2.21916507565306 1.23212151049922 0.16475335104099 -0.318459082091538 0.227307870786259 -13.2610780282904
0.301829784293337 0.399909544173562 5.31820897125578 1.30203663219284 0.496137535748833 -2.57848146867862 4.00571712782653
-0.480925001376063 3.81153032689282 0.279240758270671 1.00468968386118 0.228172615580703 -0.323424213218832 0.234629930092738
-0.876518758568995 1.00164018546204 7.21573397482681 3.86111942301055 -0.852706580047833 -3.11981354524533 13.9053933667002
0.566265200975651 1.63648529406896 4.20343864498615 1.99299110491246 0.860275840984638 -2.49288852920153 -2.1131043089725
-0.243401623135823 -0.126799070238343 0.605157161808427 -0.146930620050565 0.526841312788648 -0.389185628906143 -6.84932567535593
-0.0532208732962662 -0.214188647609294 -0.00351390730792714 -0.291152138483119 -0.270516901403812 0.163558490849299 -7.85765997718031
0.909361789395232 -0.534888043501786 7.94265500874996 3.50183101245416 -0.360884772736407 -3.81865147642054 4.05930093951519
-0.218247946251915 0.627767513450491 0.165404376349809 -0.0931829892741476 0.189690805058539 -0.301699562762313 -3.78771847535852
1.19739780798126 0.618570777053224 10.0369144442335 3.39683224836584 0.0655298219691474 -4.69102765254685 6.96016751498564
0.810889871813621 0.699338063827841 16.9657440979901 7.58366369028787 -0.935902835163409 -9.48523472306865 -12.4428652198109
0.324009298175016 0.528368740887029 9.47615926769991 4.59532162694254 -1.17456331878461 -4.0576394602179 -5.96442801524712
0.899016625305165 2.28081631412405 11.6000958678044 3.95126790749257 0.0884354046929016 -5.91447537252304 -0.920652998811415
-0.0150117267995887 1.2819397335382 -0.215803281705499 -0.12092276186879 -0.191720967718001 0.455947928743208 -8.3784644596427
0.800549415275403 -1.50496823955183 14.1054558803947 6.01151812108686 -1.51631859693495 -8.17336775102364 -14.7923977664781
0.789142972197791 1.50137150127317 7.81436089030718 4.00687109655109 -1.12694055311207 -2.89343185710673 6.3617721254424
2.32044894032522 -0.508446023651823 5.18840144975239 2.61384449364563 -0.808865170071765 -2.21486490802829 -16.5386544011849
0.559539874726706 0.385873146718755 8.25417471978979 4.19459803498829 0.589945899192264 -4.97773578495013 7.37209361475895
0.334845936517736 2.71214870346847 9.5795803798074 5.70024925680387 -1.38789837298284 -4.49593852286343 -4.56886822427215
0.922986960801623 0.807407479130802 5.25306038958548 1.86434022800434 -0.811901057576972 -2.48972236988756 5.68366525070764
0.120425971574624 4.30318869332955 7.30517756498687 3.18978349029407 -0.144118356316424 -2.5521242144397 -4.86945833342199
0.626965288654971 -0.548613219667643 9.86635413993207 4.06793737324484 0.605472815755687 -5.4616286865456 2.27432232787516
0.0172426557126956 0.260132241251799 5.77315721762173 2.28054499420123 0.788859542282137 -3.49799466765852 -5.15162249970335
0.688020142908811 0.888129606226588 7.30278034070297 3.77583197338939 0.182550079674042 -4.16970876648013 -6.38968024088544
1.48540736742765 0.841703612657699 11.3649489059829 4.35366320329038 -0.397040183571283 -5.61488194401949 -1.84174385305494
0.075087350741151 0.866523331207214 0.0855544581186207 0.0929264766895595 0.307413157766998 0.126515694387265 -0.435641708161369
-0.00778840177667592 3.1041644610054 1.16815831002779 0.883656987955732 0.843435397307217 -1.16973933894526 0.165383839043412
1.39280228042784 -1.69358194404534 7.41411324495951 5.45657473182978 0.863636275819304 -5.64771182421283 -2.30696923878242
1.39416652968428 3.39389278699058 8.36577892170872 4.75630039213699 0.23296505448504 -4.13053493314411 -3.13477410350221
1.4600862370032 0.260244634436647 12.9419804322054 6.28952237294012 0.330172011739903 -6.7756489049857 -12.6487569349591
-0.291066120008168 1.53303728292093 0.853628558151909 1.21515416419935 0.83473830799641 -0.600515962134102 -8.94943674519064
-0.358840834474864 -1.00872749512554 -0.381259701374987 -0.728682759146095 0.150077139992778 -0.133785778443159 -9.62587905485755
0.129962976140614 0.127558737297071 12.7259844919904 6.04907702997385 -0.377626939241221 -6.08134146677336 6.14777815003884
0.274369799387756 0.993410867707309 12.5537164063069 3.65196000006658 0.241213160545411 -6.16723344457382 -12.6820376411019
-0.77224621183267 0.00268687324521272 1.43101734577512 -0.134845959432635 0.143879087855055 -0.882610994034137 -0.760209666281118
1.01077350586426 1.57042974086738 9.5385815482537 4.11926214561828 -0.735601877504112 -4.78310407316991 -11.4520895353654
-0.32752254432634 0.969286845950986 1.17228868718035 0.644477447758696 0.273881618977897 -0.571855130919405 -1.2282577801698
-0.186845350884042 -0.948306792639248 -0.854902545036662 0.225010703110816 -0.353634544397379 0.568024749004294 2.70103268708739
1.34428739757722 0.557438909296033 9.28523330202743 4.99993851050952 -0.354312524647915 -6.2193809031571 0.983739114681491
0.506676727662074 0.90730865367043 3.99844057034559 1.31260051973997 -0.798440159703464 -1.62574598296877 0.78221598460503
0.745523585579901 0.817874030105351 8.20522396986183 4.13682531043479 0.751020182404907 -4.74813053441703 -11.8423763773847
2.10155825376935 0.0153293110821235 14.5023168279257 7.99414437685491 -0.573653438277803 -8.61303686485367 -19.5394518168827
0.0259609889961314 0.172698405276023 6.33397190051727 2.71217424077675 -0.773295653517153 -2.89845019485224 -3.69777935723342
0.97991908912101 0.910109976567461 7.73872670472664 5.02368333548227 -0.325182666960207 -4.34736837462314 -18.9894036296145
0.0845394038723883 1.43186211744905 6.18086723122473 2.89307401226099 -0.557050905259909 -3.43142804617993 6.23449183447987
0.530449788241208 0.533602409822481 1.00624921880114 0.438989038762413 -0.705531969071162 0.275185934017704 -14.5155359576459
0.492077068627393 0.3143304497608 1.94145887749199 1.28210360385327 0.234828863706455 -0.953176204394395 -1.41741207503755
1.0559336621066 0.268233303448399 0.059185110821341 1.30852639397891 0.323813654564682 -0.635479181646264 -14.8662201698245
-0.218596444556716 2.902314023464 7.41095410806793 3.56833795199379 -0.858289110828942 -3.73789584271157 -1.89883011552293
0.952332528303478 -0.397467735607004 4.58988612083168 1.24497808130229 -1.39313638092873 -1.08385858783457 -0.220026820584126
0.967235181348687 2.89057368538124 6.99887801496058 4.18676510200438 -0.680203864135673 -2.4626190846056 2.16198584724584
-0.013679896316198 0.794440558413871 1.51584729054664 0.48340061542278 -0.615879188257537 -0.120763452472364 -20.0636283591507
0.015959637465167 1.60011065035703 7.2844667446402 3.683636771778 -1.39191510032762 -2.99157273781379 0.891857767364596
1.46299885923585 3.55936459638944 5.84759094798154 4.69801221904 0.192459850888097 -3.26892092871502 -6.25560732131515
0.604901249237296 -0.130534448659245 9.33759162236717 5.25993099215851 0.844792588577884 -6.3025032813554 -9.64051733916955
0.360868636923529 5.66515780935213 4.9491122836785 2.68984844905814 -0.111111065998363 -1.34834671090655 4.8368659308449
0.75870476092821 0.335105911961983 6.71330681281054 2.70433780318328 -0.509976073494782 -3.67897856953893 1.43781075959893
0.021431662418443 0.148641023725733 0.176972038862288 0.793474414342002 -1.00111508231374 0.232053016703773 -7.6564616355774
0.269803476439975 1.18359264797161 11.6431770155643 5.85376193142605 0.359150816311217 -6.64828813886045 -3.7750484319566
0.050520903189347 -0.356598669281102 1.31388456460346 -0.295916763594891 -0.648756307065188 -0.143333535086672 -8.32434816413808
1.80756163387087 0.472665387314361 16.4120511893405 8.84758647507181 -0.144395823392995 -10.2786391791591 -12.4830256732164
-0.547515343461336 3.58748983455483 4.22028024500458 0.672696588566251 -0.697564101499659 -1.09950972624212 -0.512677024907991
0.590492097933383 0.429739764764589 6.0220451706663 1.4468779363279 -0.744922497132707 -2.80460022893233 -7.31151827844548
0.214486795990195 1.6163193672749 1.45169809235294 2.41103454089922 0.410952304213355 -1.00006801284085 -7.62191825790575
1.81744361037954 2.05615665210635 10.9257535088844 6.21363672603767 -0.61619873668968 -5.87751415486574 -3.06277100974208
0.856578417580162 1.22670130061844 10.9267109223132 4.87687432988558 -0.151905700581112 -5.89552097570706 -7.55867342231492
-1.22525135068201 0.432946267678403 -0.822588558516187 0.430989422065108 0.157620207068786 0.388157802880598 8.3094035575711
1.09317792587974 0.970546089002327 3.92476278901278 1.62048176661473 -0.0481254318125431 -1.76466813412548 -12.6245021924086
-0.592033496361684 -0.856479927182284 0.822219140605923 -0.0795996340668139 0.594513143106516 -1.40417119897001 9.82749492177629
0.413578178338017 2.08873087093552 8.6095998232991 5.35985538765099 -0.442620556516591 -3.70244608027656 3.98702094193698
-0.355250475169683 -0.842304249133054 1.58978842572802 -0.781479177749359 -1.20647761840094 0.169455871737922 -11.0265875259479
-0.179668573511802 0.993734066109103 11.8147620761534 3.91872446874581 -0.740902965755112 -6.17604449566274 7.15038613668662
0.408787259430086 0.114361907567204 6.68989032961818 4.59749610376219 0.192556493542048 -5.91886389656333 -9.28813539275209
-0.0749904516102862 -0.146430196564371 1.0082906851345 -0.335287550092589 0.820261648003957 0.299777435676345 -7.90576906325453
1.02717985533793 -0.545476028340185 9.19444976981926 3.98968729159664 -0.383855075154764 -5.82276153284286 -2.45880376098986
0.571662577401588 -0.118790779549586 4.44010996868443 3.54490358457615 -0.988429060280597 -3.52499719126364 0.857363050380141
0.151191835885564 0.316475762270781 -0.783504663353027 1.06923682146657 1.25541660276369 -0.627758120350415 -2.14976462705707
0.244595947043479 -1.48471471093302 9.02240273119127 1.89190999602394 -0.0122081158276869 -4.0057640349189 5.9114071450469
1.3059715395104 1.18993124688108 8.71324282514375 5.69130944877837 -0.253270096145635 -4.78422275297361 -9.98778972797221
0.740240918534017 2.56661392665674 10.4862761291565 4.36407239761646 -1.06576181459387 -5.25566907883468 2.99494853879588
0.183607143527903 0.126994731463842 3.00172241674886 1.74205025211409 -0.887413292839964 -1.38579835816119 -3.40143432190544
1.29837442987581 5.04450045572476 7.83789767550303 3.5364558931803 -0.954038943990435 -3.75652121700052 -7.509928524235
1.59273516055464 2.4063957583797 15.1358519242138 8.3515696707829 -0.629035415088888 -8.62625605144841 -1.73025789728137
0.151739299183025 3.84541214348883 9.74849561272265 4.80881049749636 -0.388977830279662 -5.626108175013 18.542663746309
-0.0154623737502108 0.384964008975403 -0.078913367742659 0.216285433832804 -0.20899569270156 0.250308037190843 -4.96240724768422
1.21638893776397 0.409322180294816 12.5735669234729 6.59412273566538 -0.725290639633333 -6.75171916896144 -14.8031356034115
-0.0145656583114942 1.85167071001287 0.235211470335374 1.78111805520191 -0.217122763317088 -0.607393451155983 -12.478202463177
1.33187431763749 2.04275210948392 11.5450167642649 6.12437430920091 -0.511542360489094 -6.29136734107346 -18.1739460997788
0.748695219487343 0.423696429481743 11.8620716401076 3.66410813582924 0.176795201795774 -5.87777271622801 8.50636433777603
0.370173839876584 0.0748695188363476 8.26678832848009 3.30115101793896 0.81976265969563 -4.65196830386813 11.8672792018984
0.0911617247060049 4.61079134069919 3.60834397399442 3.00425064793456 0.596648758127095 -1.86852670424304 -12.3200977748899
0.739950271712659 1.09142946498482 6.41664579802533 2.90992000705387 0.110642982947854 -3.48141391270194 -9.31669237739591
0.74836867733158 -0.513671442694652 7.6568252346338 2.02343510100184 1.03789636958516 -4.14663198916912 2.64419923980382
-0.466426489923145 -0.590394882391858 1.72966318369216 0.520165766907485 -0.686944646001738 -0.538360075937726 8.17079244580875
0.604081544915494 -0.385128486530896 6.52524101363503 2.33232747526081 0.265581153034698 -3.61019918794831 -6.97620837394218
0.888099024420501 1.60983657976888 11.072358564811 4.32836111036145 -0.03069906759326 -4.80009701120797 -1.45676435823893
-0.153508058052251 0.698861359744084 5.73895230694022 1.53675624401749 -0.261475733485063 -2.16171727000345 -2.44753743604467
-0.35215281633523 1.81273388519654 3.47965555387025 1.05671980073894 -0.907018900965438 -0.564776374960895 -2.17368400180138
0.335269832241194 1.85480002441861 4.96770073312851 1.90171545065587 0.223985847858121 -2.56319890117944 -1.31546630492451
0.570665145179088 4.57123295935497 4.80019895944485 3.6884315862987 0.138703789074476 -2.29252925333728 -5.9831396280029
0.827397953088186 0.363114825712692 12.4643358947236 5.579257164357 -0.542327799645487 -6.74532258225889 -13.1832071196914
-0.594177618127999 0.658452262262727 6.01814581049181 3.09466386993853 -0.584299842026209 -3.5223835805227 -8.07850016063818
-0.618661457667139 -0.211275479259892 2.61053026799462 0.773230143664059 1.36069657878288 -1.96569182020317 2.75281150418059
-0.290409967344415 0.697198892150155 -0.306250884563515 -0.859153277628438 0.681204245879972 0.270334367439932 -2.36418418549035
-0.233919804025601 0.061371195339879 0.885144970877107 -1.12183938518177 0.571209026671131 -0.362808367230966 -15.0722860744312
0.769673599941753 0.424516366974236 6.28124430262606 3.48371455012507 -0.0501599580737493 -4.05643605318514 4.19535817089797
0.20209469411977 2.78804735972728 3.01763191327139 1.04754215776896 -0.835720897563523 -0.603222441821841 -17.7093872136946
-0.23196939668584 1.39115428274241 2.80307987467553 2.15559714441846 -0.705334880297924 -2.16904294723189 -11.2934335030616
0.879694366232678 -0.367057880731919 15.6634097494824 6.65431940954583 -0.185466240165949 -9.10628093759186 -12.505503948625
-1.36499747983606 -0.0546940547852574 1.02248881219001 0.513135176190707 -0.09397156858112 -1.31365496276573 -2.95360589014338
0.0148360836997035 0.0649116845931041 -1.79083301872348 -1.09066536232601 0.249294388953652 1.61165647536377 -14.0712470007195
1.49606541187466 2.53554001943655 9.69351641752459 3.5490139224371 -1.01272108268104 -4.26216401935866 4.08126226837495
0.844231859556945 0.277610026763862 7.44537268774705 2.99421208497062 -0.254778724653109 -3.7381562231636 -8.94297783474971
0.951019513952607 1.26580159469727 10.6792567188152 3.95438531672977 0.482768102224893 -5.77586475849036 -9.724424017609
0.405119570046836 3.08210965684298 4.9148434244079 2.21076990059883 -0.431398789146456 -2.58038570901709 11.1902418607349
0.334841206124648 0.79233537629389 6.99920685759794 1.87930247727038 0.931817979835217 -2.65609175255553 4.15251213795606
0.510346633446223 1.20822013332014 16.5462439180734 7.68778990036343 -0.70598254288469 -9.23602096382817 -2.48719005015765
-0.194651972178284 0.103774369535918 1.11202508513135 0.44903129951868 -0.953596633988248 -0.832236242561529 -0.489241654288827
0.289604006670855 0.757984347687324 6.74829252536029 2.72408977333607 -0.0173520186403701 -4.00386266900892 -7.38324011829454
-0.027052347366638 0.388024619840026 -0.74882110546646 0.451978806478572 1.73010388963455 -1.22122909337741 5.08527742029342
-0.196768141987036 0.381757030293082 -0.744504580127353 1.44712431366668 0.431615679232314 -0.706137226981735 -9.23045781178313
1.0054060992423 2.57005616448239 7.57671551887895 5.56370725651003 0.58420452922717 -5.04751936394105 -13.7340079256142
-0.0608862194557389 4.12922008607531 3.37828970003446 1.62784438881014 0.492275940066843 -1.53819993580121 -2.65695028742324
1.01361839456761 4.53403243379499 2.96427141564432 2.1404366468635 -0.525049620120031 -0.275779818441322 0.37098678084488
0.664813537079582 0.249790529883189 11.7421780964198 6.60574877110818 -0.561251180211741 -7.0441907694433 -10.7651947249268
0.960415758214133 1.42892902100023 4.24252087510916 2.78580763532708 0.47133895658596 -3.00289385601113 -3.58714269083331
-0.483448610732718 0.845571353667403 2.35884353369069 0.604731113510691 -0.307459427528876 -0.543436928465647 2.6791024490416
0.0337648044083911 -0.476934422125814 1.77577638765432 1.57892541961398 -0.44409321788567 -0.435091967026123 -0.766417782726796
2.60824197552536 1.59644023199044 16.6660849850217 7.27729399300309 -1.29203130359567 -8.07593761188189 0.883214023653221
0.811212108175883 0.286869614201393 3.35335593388663 0.643340831235053 -0.237023395245684 -0.741493919017944 -5.48424589287409
-0.426475158897551 1.01895198864245 -0.253620615787811 -0.000618847866563424 0.0741965365916426 0.654135670424408 -5.14790469138317
0.127138768356014 2.31401412292638 3.7055964977647 1.58581431483458 1.49232389923651 -1.82425510121945 -8.9072771866999
0.708606630223687 0.566069269309992 7.34218608959708 2.78217965072145 -0.146588404366288 -2.40339899175784 4.74856005847184
1.00842533087561 -2.62005715364423 12.0773453282782 3.6661745671791 -0.190731165454956 -6.92055816265494 -15.6184588393327
1.24608808101879 2.79330311050395 7.66006666797929 4.6321863201619 -0.805571187304691 -3.77076842025627 -0.76867076416829
0.322080305912341 -0.477303419429838 0.195415301052781 -0.112047380039217 0.484967710852474 0.945387212345002 -14.3059633375087
0.897817425115819 1.23909699840107 6.25055987496565 2.32861545806556 0.386501386347717 -4.18789965882072 -0.106985011488611
0.681892108975033 0.0870994199316273 10.0509926777877 4.62356026439083 -0.605630714022314 -5.75956693495854 -6.45986113234078
-0.510839175714525 1.9865665163715 4.53286568831716 2.44417293440833 -0.446003108800017 -1.77632465014622 -7.98192051165747
-0.0189189249529324 2.83309299394676 3.47989436341737 0.823339216099244 -0.610907431923821 -0.974353953102742 -5.47903793150281
0.75320150488918 2.13200033669953 12.6694436417545 7.55045085119862 0.11238998531367 -8.79442180713152 -11.6689916048454
1.01764279661721 0.252402526819942 11.0064983934974 5.98541358385265 -0.402760683934035 -7.2688140524933 -15.510097676587
0.255728045908075 0.407868826053854 7.94910264672166 3.79866167924405 0.0393406061029317 -4.37132937748536 -1.97594648076272
0.705621167047 2.18749489968304 7.08066094267219 2.69930327686171 -0.463458009258549 -2.38530759854565 -11.3993962189702
0.136497171954589 -0.773272343513569 3.01497253525168 0.677247160017047 -0.584192266519356 -2.58514592119239 -2.32343564824331
-0.708922349350797 3.6815988816228 1.59098519162792 1.33658165510107 0.154379978975824 -1.120251740115 -11.6284667586379
0.645972182269055 -0.0608983681290089 9.75460300579358 4.45392442019882 0.427316446875312 -6.20690821918837 -2.94794934098221
-0.353917275680592 0.722766961294709 4.71452583023655 0.800087161597271 -0.142733343393466 -0.442913630551749 1.9874030065175
-0.572189411967724 -1.22945848749824 10.651891491322 4.71730485477439 0.473710782975236 -6.21192685645402 -11.5086631706416
-0.586722755828706 0.130839561864177 -0.237844908183565 1.22954338380982 -0.516732874601575 1.14617787535213 -10.8077239409999
1.60752448697369 0.326484286296523 17.162520141594 10.036564445068 -0.664051508680512 -10.4681380883003 -11.5893523280647
1.03448883040668 3.50749212054292 8.23779537328628 5.08243501046204 0.182200636770746 -4.69571146706345 -8.02649641754259
0.709578093440595 2.29014833291854 3.15538574092545 3.98869558010004 -0.472668320783441 -1.26886991508091 6.7623080156577
-0.29891718867728 1.77899765536617 6.47600901883109 2.79827860269124 0.631170058106273 -4.1238822192975 13.0588737997848
-0.654557529215918 0.0147808467753342 7.99032281669673 2.79644475449017 -0.933987245262968 -4.27464387003533 4.69854023232838
0.475659931779277 4.62779317581782 7.15694688835926 4.41009960209246 -1.25866301513828 -2.80386261875233 5.85402389878615
-0.117364962162934 0.548820603261231 -0.62628902468832 0.520765329274863 0.494460722834518 -0.675856167861375 -4.68904271710748
0.0474779534350675 1.16889282064066 7.39835012876175 3.95512653828445 -0.0514014079104962 -3.57779987793977 4.7210592708352
0.146147864505293 -0.0997829759277257 5.98546680910735 2.04943960322158 -0.420846625442778 -2.26246120323165 -6.88711298416986
-0.194653432934803 -0.630742757055889 3.48558210970219 -0.547185224698596 0.906901659358938 -1.04159921891309 2.153996455035
0.929318401054674 1.97527786708765 11.9836181343685 5.915707009655 -0.491306751874465 -6.97420070065136 -7.53271691597621
-0.836934044250193 1.08057003606578 4.01710377192844 1.670879112746 0.100564077934739 -2.40318242443317 -3.29547071756111
-0.338549165801787 1.85281893580041 6.23708164799507 1.79577324356005 0.0394561526022751 -2.87193113123246 1.10252063565289
0.704726368425936 0.933635446579676 9.74862231157611 5.4485258978515 -0.510164367806861 -5.51048396550652 -13.3704802154557
0.307759171428092 -0.192370940759645 9.46103826564218 3.69267639618795 0.345930537747592 -6.49390540204775 6.15140039976681
0.0779853915046095 3.14458585900268 5.26216535687613 2.52238402593673 -0.378544775287321 -2.94277291559953 4.23545491830628
0.320578808187374 0.504711355059412 7.70146263959588 4.25670733148123 -0.187235613408569 -3.93183487433952 -6.71599972564479
0.21112246437799 -0.52157185447835 4.59806112782814 2.9397546941838 0.452554094813445 -3.56621925032904 -0.529839063990345
-1.00368301654706 -1.21376667060032 -3.28827553630108 -3.53244340866746 -0.0682438893979373 3.10070724805589 7.93858253743335
-0.161226227523259 1.66056612543416 7.46545492409939 3.40610301175584 0.580269590998985 -4.04957447117927 -6.70015858218026
1.33555258854115 -0.422066268804651 1.28402887133162 -0.0921056350877058 -0.490371671294908 -0.367801814558674 -2.00937772262877
1.47861316596607 0.237895860042951 12.5568135508804 5.72931813027275 -1.58666476150406 -6.4932773003603 -7.69182594604901
0.48200553582865 1.4889586536029 11.9765821056452 4.44122456208956 -1.05196341295929 -5.94911509742926 0.239913143160911
-0.0971990291876855 -0.310314346750357 0.0440840267867697 -0.401739918987579 -0.218299071465918 0.652813337327045 -9.9467247949706
1.04474407632743 3.48192451089838 4.53520689060138 2.66509124687718 1.11257051739031 -3.14473351576288 1.29755581722968
-0.875524363989225 -1.09134143508151 5.61427281198977 3.62124406529577 -0.106203424825376 -3.5623502175808 -5.96075701412479
1.01209975906338 -0.416172618258389 6.77646725251464 2.64657921987472 -0.615566335503891 -2.68057827840388 -0.38280289965283
1.04645755246436 2.55139800957331 14.1415437135305 7.75020054507821 0.408187708919668 -8.61952273370668 -4.02272773994196
1.96889343241647 -0.0761547483344739 10.4121056747742 4.82940525905548 -0.202689708962958 -5.2980274838556 -15.0813511070331
0.879937523346881 0.592480325125829 7.54364781761719 3.71931445984705 0.0904226528387315 -4.09022015088846 5.32854274043701
0.646250007521752 0.134271821709518 8.09214906444018 3.95801958307972 -0.0377077562374982 -4.61461567173317 -8.43837137556128
0.783814063701014 1.56444926369193 3.35797911181559 0.938767076655342 -0.491212891319929 -1.27518429418432 -2.90526449629233
0.695407562062002 -0.819081088780616 14.250720779743 5.48498927324413 -0.583433031320946 -8.87053550549085 -6.91743578174115
-0.0277008728839411 1.97036795796163 4.41474518850676 0.717418502135937 0.944393740602926 -1.29869977793803 -3.47587757335096
0.376217760315877 2.12627100412961 10.9007706493052 5.1664256760731 0.566884463777179 -6.82964075511442 7.52026013876797
0.0922323593725879 2.02507638663276 13.7308717538233 5.36859478304523 0.500676057916429 -6.17862380168402 -5.1191011561065
0.547109206233956 2.95397387590222 4.21742514832099 2.83985101930832 -0.260603435313305 -2.03490779717562 -16.7124103745813
-0.204736121297197 1.23815280009965 6.68118290905681 3.81834013765376 0.289491331488772 -4.7495041620215 -2.81890368738797
0.45386248617744 0.44845267574719 2.83014277823829 1.46868536734172 0.315108019310133 -1.12620663841619 -14.4066187961309
0.678931795162314 2.88460142143495 11.1715570484541 4.2179394412385 -0.0355070536681338 -4.97304143357763 -6.1055496296152
0.0946226871918496 3.54692032642913 6.31651975642491 2.81657059023632 -0.710944145843245 -2.89465035535969 -11.1799246037213
-0.118306550255261 0.717806243715873 5.27304408064207 2.18273747443747 -0.333759278337657 -2.04294873091809 9.88935332723985
1.36135033777949 2.7329061452704 10.3724435119202 5.6632933566676 0.564233978253494 -6.55019908267831 -10.1872235603853
0.983714010182686 -1.71774582005171 7.61373469280917 4.58762274301334 -0.208405939034356 -5.08579374838756 -16.4094911593032
1.38522651279349 1.06352929520462 14.3150603664577 6.52203235197749 0.0414745224899628 -8.77665107058808 -8.26310432438683
0.576304883164098 2.51004140105267 6.28708362381927 3.34526584985261 -0.33036458815904 -3.86943364091005 -1.26681911284088
1.16707144570245 1.71147508424123 13.8862035043585 7.14496155201421 -1.31201579934625 -7.66054153003193 0.339881215701299
1.0217335945185 0.510452617500458 6.16167244864578 2.18723408843686 -0.3471320311681 -2.0332876010382 -0.519476996534695
0.678151911717534 0.65289947344637 2.03335652168139 0.930767028125782 0.123432452170196 -1.32508999970596 -14.7901067920497
-0.16526564921264 2.46814133888481 4.46559866966629 2.84001337619145 -0.0835458981775938 -2.36556875654241 -7.10993622644722
0.875690046518749 1.77073752012112 13.229168918767 5.73187566570458 -1.342653640434 -7.39659132823781 7.746917354027
0.319363098759649 0.125289137452789 -0.311747056301938 0.0169128606558697 -0.0283440224978365 -0.288470709414438 -11.5293448928669
-0.243029916354478 2.28886117067661 6.37046715278581 1.62549670641879 -0.0929406330008107 -2.87805829399842 15.5391013840519
0.690007200312642 0.909005991715303 5.22198804375716 2.31797885495172 1.06151290673017 -3.22926528224521 -9.56701908238014
1.16512582958834 3.92087707049673 3.10667683467142 2.23450137413131 -0.173012031094629 -1.33544777788056 -4.57773890549943
0.314040648525134 0.953152338023134 7.80823732767611 3.59413484312647 -1.42244316093307 -4.28964553840386 5.37534499827848
1.17402440419832 0.339209930411497 6.89422186141638 3.79304215909335 -0.239302700172329 -4.02405870139366 -17.1275999690904
0.12665569467017 0.0855633384226324 0.202790106575335 0.796497498730185 0.680339931015493 -1.25360901212105 -7.14731725348367
0.658067547000606 0.912148991648523 7.50042648491975 4.25539056118074 0.21681196852953 -4.79380619000339 -9.51009939371603
0.862961331037979 -0.0429902736711174 10.4765665195717 2.57585379927046 0.338779817639245 -5.4626203569009 -4.1458842589086
1.5238836646634 1.04392301778994 12.318066873568 6.21303453120751 0.0208095945555012 -7.40557293194737 -14.8421745761548
1.23896138577854 0.20536314430165 14.5216244922969 6.70860540867657 0.190789208421576 -8.28204294012597 -6.51401993536431
2.04174918856164 3.17218373073279 7.76281600374964 5.66480241586604 -0.698855413157063 -4.03219365449258 -10.5216138447641
1.53437244049048 0.0826560542813383 10.1571785819631 6.2692176309896 -0.270423441600766 -6.72381881738812 -16.0295451222012
2.06089177242957 -0.0861378263373451 12.4787254808443 6.47031771104488 0.0613738565204269 -7.5998330326389 -10.3851308558431
0.803503957215002 0.18561885932248 3.39371827458876 0.185463176938861 0.990496681369291 -2.48130014209209 0.385978772375369
0.501786038903733 -0.0737472623160966 -0.472953164741962 0.0446210129556575 -0.0745618024716308 0.359134309000527 -3.48393737563458
1.15017981927038 0.0235707976960837 12.1353582970406 4.63679163652053 -0.622327756560688 -6.1653095536446 -10.5067505023237
-0.387272803840977 -0.214131989823168 -0.172907625216749 0.0284625579596581 0.234250484223466 0.656498454051542 -1.34378978545636
0.446977690207263 3.19840485680555 2.73113242622183 0.850027217539868 -0.706223887840534 -0.26350088273356 -5.42614322973614
0.410825119874227 0.686912778988522 -0.793688483034303 0.603268391054016 -0.174340092984335 0.264854956020093 -14.4518474690195
1.6413994936396 0.186248838141197 7.18236692338927 4.84840239307222 -0.322515088157697 -4.80666238234812 -12.5229366685677
-0.112702389784942 2.09431582726289 0.80083015756539 0.066604355474154 -0.221925606044329 0.941624332478623 2.40207179283461
1.03624730642119 1.73483146796358 15.3747598314351 7.08607298953784 -0.461234248965175 -7.86578280009357 -1.4742299663736
0.0033970726995069 2.9697698755356 1.06197533975208 0.582788522050592 0.396202865855856 0.192746761037593 -11.7705045135481
0.855378542854038 0.298962156558019 13.9274628951528 6.64234641656314 0.104681802924376 -8.78607172231863 -13.4702768332594
0.789202565615325 1.34101449014856 8.0116414985258 4.15991090882927 -0.562693767002816 -5.32090179077086 -13.8474431448832
1.72154975197352 1.02727896497923 13.9295178501502 6.60860591380874 -0.146590543560303 -7.31575701868543 -13.5493975946241
1.51380704384787 0.193293585769168 10.4861757298196 6.41557138269288 -1.20016114463802 -7.12842418407498 -23.5889703245312
0.247232932653595 0.509357548426343 4.95519650754379 2.99145363632959 -0.455891668472617 -2.52141466831866 -8.08091083423047
0.20741310873658 -0.280260470670866 9.74097989818191 5.11124648655837 0.511258732479606 -6.31180918934802 5.61593148172497
0.325986249646978 -0.383926129246114 0.665183897150666 0.038172992236888 -0.845017187414686 0.6795015649026 -2.10510459207419
1.08349377696101 0.495621078065429 0.648956417185701 1.38376543700219 -0.672486996434879 -0.625158266583711 -17.0949968326485
1.65804234073544 0.693199246195355 11.0883285572732 4.84382827627669 -0.25276743238985 -5.50247130978185 2.51818260722037
1.82023229320493 1.96338574115831 10.0037702712274 6.49991003913236 -0.922427867227112 -5.44903095731384 -10.0787393506257
1.03960528006247 3.55179151436587 7.39479344779816 4.94547868168647 -1.24996017006262 -3.52535908612443 -5.4701373064637
-0.323540607603275 0.843392865683653 2.0293253794214 1.02903938559959 0.720930579723636 -1.19458508489248 2.07404606897604
0.425429088266889 1.69831202306572 0.980240273985973 1.34734952757763 0.000788257424820693 -1.06625024843335 -10.6562553798764
0.299028984244404 -0.354635001369299 3.91020672443438 2.14531263885347 -0.26479125594314 -2.914645829929 -4.63271469945207
0.649354320466027 3.81697688396117 4.80935877943163 2.06757200217289 -0.201308583542261 -1.09941318189964 2.67211740160298
0.31127765706204 -0.627193181819599 8.28081624634591 2.66030915045173 0.344361638602531 -4.84288750382707 -6.12027463794195
-0.526046094562409 3.13816512721745 7.46592508042043 2.73671078996895 -0.514914540272576 -2.17659109002396 15.3611334077169
0.819621442748778 3.78781925122211 4.08484495855795 2.48672789974547 0.34985212510442 -2.0970946669304 -5.09259070896493
0.98618434950173 0.615274102717908 6.22004403373639 2.50725404638986 -0.111435940238546 -3.55200386420627 -2.43016887625866
1.8090883414825 1.44337089178252 9.24448087556371 6.65320739574171 0.195778175918489 -7.04575653215171 -12.086378814595
0.202795824381368 2.07980742509408 6.84225340954316 3.41629104901684 -0.259635957937025 -3.9140819773484 5.33251130576598
0.0874715669536158 -0.418889070805911 10.780445998846 3.34177179171533 -0.813937690442855 -5.0585586391396 6.77578780628592
0.662623022829887 3.15477261303117 5.93926696243659 3.77082645740697 -0.663403439467001 -3.31180982254364 -3.63427204729129
0.0696065440663539 0.0408681794760075 2.33697434901172 1.01977441583476 0.629198505514485 -1.85673400658753 -0.683230080689398
-0.485948069504231 0.228048371071626 0.423390800659675 0.436504505494495 0.304350359068118 0.47184782362569 -1.78837258431158
0.68458533431553 -1.99720885260884 11.303293644882 3.70494278416362 -1.26863629591504 -6.13351290975268 -10.4584167774201
0.111542163340143 3.11045731370838 1.35160363855225 0.594784474412941 0.32308870691324 -0.05353914174434 -1.96778486343557
0.511894205496782 -2.27165878757599 11.3013228434536 4.55218053678532 0.115201876833955 -7.04571168055325 -13.6999367052161
1.33543293185213 0.859725282520882 6.54980312601604 3.36107253443765 0.510502628833771 -4.09874059702293 -12.4743073587586
0.680501677304231 -0.590682270315393 9.84683902497996 4.26343663209461 0.542462598261264 -5.21142445237135 1.09053946144799
0.0882519176764621 1.37759368727085 4.52419307609226 1.28456605885878 1.42708010844841 -2.65521565192811 3.19472866900158
0.81923730156385 1.58292465555254 2.54434259825746 1.96679407862266 -0.715627864164866 -1.26711922908914 1.3667658211317
0.992647607568404 0.0187375038327654 1.11859028910173 0.0227973873086764 0.869391269436553 -0.979119521112772 -4.85165611144854
0.467323005479122 -0.188242752147964 1.49764081002135 0.198978355522149 1.19577788289685 -0.915665680577148 -4.445567929878
0.49856271578428 1.33461112764723 7.40757569969455 3.5754241136091 0.300601422723991 -4.80479441973312 -7.60003524238888
-0.228173660921955 -0.746841796277182 7.83296747791835 3.4633466945907 0.347197589168493 -4.58448770946046 1.76258877973497
-0.465184126669228 0.447629954876761 -0.722993160479405 -0.105183529381176 0.577525090888141 1.31921689782863 -2.66484626827446
-0.432354542950326 -0.00916406629236394 0.81629342194168 1.03110202045664 0.551466980572699 -1.58038755501427 -4.89154092271102
0.260023209313463 0.9905060816012 9.95242868053051 3.90857997691251 0.0779802631969881 -6.45763196250335 -4.68753123086903
0.263835692726473 1.97080345446143 1.76712127467405 0.511608801032236 -0.230754803908562 -0.475512032113277 -1.09235894919893
0.341105478472126 0.959828459651179 7.55331541317053 2.0821333150699 -0.152641887678085 -3.43711256380492 2.43514918982386
-0.380238233497896 4.04363394492375 1.58681563409593 2.02868001751347 -0.0572461381302551 -0.890401964672426 -0.259974718533866
1.58842325736889 -0.116551616733076 11.6364913742851 5.17606517592597 -1.91244583828875 -4.93059877769715 -8.99894868945808
-0.933118458718269 0.561429775181244 0.787070181046133 0.706894348437407 0.169041031709881 -0.718267614618159 -0.546509266219505
-0.43473207662066 -0.249177013926758 -0.150980528681279 -0.273865542606483 1.03164620279162 0.0215824993529217 -5.96204941245897
-0.0247333408485732 0.721619526907403 0.00611876091320984 -0.0186449803694164 -1.38390389513706 0.341572844945592 -4.45030657008117
-0.821047823586924 4.60852415045963 2.66284986993618 2.55544411324706 -0.0175851893359252 -1.33528359570408 0.818649878164731
-0.0206625460985346 0.953425686980511 7.3114133541545 2.84605125428597 -0.36777525871336 -3.66630177144262 2.29925457536401
1.20601445985008 3.08534458299526 8.13926911352044 5.25175507565731 -1.08848245036448 -4.04497188338349 4.44354901150133
0.946789576451975 1.09688070304691 8.86122638537395 3.48134657777645 0.12129789132157 -5.3482861163057 -20.4683152528564
0.58390008055017 0.88441058426525 7.15368283269913 2.38097169870167 1.30796536712052 -4.5558405144732 3.22062189137775
0.484776377729226 0.746990246223201 0.240188908188399 0.602954123147443 0.168685813032927 -0.443140584315931 -2.03356149453475
0.540381708446533 0.374680626687194 9.27732524689068 3.54085250361961 0.302146202767999 -5.31435285799829 -9.39549850714837
-0.31971147205021 -0.899671168182253 4.81238031919182 2.66759322243608 0.718398182719283 -3.77791388084871 -21.4842886191766
1.50330053172545 2.5519973628169 5.64764270916487 3.71762756314852 -0.348602086992843 -3.3730561943064 -12.6080243741184
0.0687927661698208 -0.302791683953891 0.613547747391648 -2.41123525052518 0.833244421252776 0.43471667545814 1.04977697869179
0.369794777293297 1.22288696889507 1.45036382709951 1.8280718939856 -0.262665850390414 -1.25657784436901 -14.9501689755282
1.20060478568352 3.78376948404394 5.32503425574397 4.19501039506623 -0.65784585084199 -3.38340517554798 -12.2744276025312
