4000 400 9 0.388396779112308 0 0
0.258123732841553 -1.64365458330028 -1.08735734808443 0.97835306530041 3.77005009565734 1.25134167781122 -0.606488185181972 -0.319670839071341 0.34163781634041
2.14533515107842 -4.97201018012766 1.88183419181162 0.541090925151344 -0.27199845389246 0.700785914070725 1.50548960041487 -0.488614452624556 -0.286099205685374
1.95634970171362 -3.03640184803413 -0.485123387460431 -0.428582301796826 1.68435470067903 0.52416205579268 -0.784903356265933 -0.854408615209231 -0.345554299300993
3.43510130559607 -9.18391497907171 3.84028894198979 0.474224922347856 2.40941901275932 0.298641451675008 1.51028261868988 -0.18204470179093 -0.0586540244849773
2.33856027454976 -10.6745766587952 2.602798319015 -0.569079628354429 1.33867392894604 1.57968457042828 3.11101265971742 -0.681257707219971 -0.677626463040721
4.85964524234151 -10.9362474659444 1.49541656412411 0.737704244152807 2.84204147785462 3.37094361721176 2.81025926287867 -1.63173407770529 -0.720312379747199
0.19863805972459 -4.27781064949625 1.37289867602469 0.538344374274101 -0.265134312939882 1.65001130019852 1.98767996999359 -1.40010053682627 -0.632870562699869
1.52181640323542 -2.88046490690806 -0.0604580679223108 0.292922565607311 2.01485738753879 0.439392264181695 1.35838921144153 -0.13995769309136 -0.32963613306304
2.03730504161667 -8.7294881529487 4.42715057353571 -0.971898645015738 2.14110656573526 2.70408027039097 3.64441859045558 -2.16607454033787 -0.568849395819554
2.45872730356514 -4.70621171451071 -1.11987322628536 0.899442382918416 0.759352481387464 1.7813918788547 1.68548347013913 -0.515210446038783 -0.112983237498007
1.2206084250539 -6.4541181481481 3.15636662551552 0.458468517388223 1.71046391802701 0.912322922397697 1.26531948576326 0.138565769230579 -0.285284767498125
-0.0606030343758328 -1.42349430313942 0.957548500595163 -0.89447609231537 1.53867783905349 0.900850626643534 -0.446264115575258 -0.261465599340412 -0.890479672408422
1.50062063126042 -3.6185250991252 0.090165865159731 -0.339291276267994 -0.804844205267555 1.88780091462495 0.814966675643058 -0.621004251732292 -0.123189037120215
3.34413143907689 -2.48200626560674 -1.01016089673589 0.154435455731568 1.38232871160371 0.764185454163592 0.41454421531608 0.509275572616307 -0.543023201756789
-0.66154695424176 1.49020492775135 -0.753166263400254 0.562666223673208 -1.14048836218555 -0.48183250767597 0.564344463436972 -0.435098692817714 0.0730069424647484
2.18074792516035 -6.41606833668937 2.61977840720799 0.351689853405149 0.832226132888232 2.72446909924408 2.21284312509323 -1.33202799599709 -0.238018966826684
0.37124713916256 0.282688628255916 0.029853979049878 1.05162504931844 2.94482292618904 0.736176452430606 0.156291231975767 -0.919702296442126 -0.60851558567087
2.66273054090537 -7.30956922963116 1.54056370668922 1.48725919505543 1.25146230294636 2.34953850081283 1.43300919866468 -0.0428380021242745 -0.409255740359491
0.401985636336579 0.915433583375458 -0.569646251242468 0.240071866731437 -0.262586181828001 0.235783340727576 0.409727684986062 -1.26787077390792 0.0861230268638886
-0.0106507658461642 -5.14771737987898 2.188342496868 0.383797789353526 0.196294629523819 1.74368604299987 0.634691606585288 -0.543834647750342 0.476553937473715
-1.69075908461948 -3.30593166561962 0.900487048936103 -0.103946642873422 0.598042507050053 0.78256091920121 -0.020058033658129 -0.0680697467981211 -0.131163332172576
2.13937792872838 -8.45963291854506 1.99986276526645 -0.958117904145689 1.16612712665966 1.78359036714659 3.4938403800573 -1.04038375391426 -0.792982988985763
0.758338564687653 -5.40700150279301 0.8807775448341 0.899479950533781 1.31230576871117 2.10919179151497 1.77519514003872 -0.711076521267144 0.687258577079317
1.58249038353633 -1.67324165367912 -0.42786544560586 0.657273466273853 0.244957955185109 0.320210785291794 0.0577428687226069 -0.415204595142477 0.448879319451628
2.51151930512489 -5.86728186280685 2.15312944537874 0.257383106755877 0.123965350273074 2.13060024083892 3.48793803387929 -1.46322129557276 0.0833989164133067
0.706292447512035 -0.989133706575423 1.02973458471018 0.72140612219832 0.319572506399405 -0.342643607118342 0.182213476440526 0.530749384376372 1.28953159010368
0.732405155212812 -0.17257202418399 -0.568682536448287 0.0726369977668148 -0.25857307512666 -0.730358321190366 -0.0557464022176801 0.366718690881475 -0.458771104414728
-0.106513739132024 -8.74050366791165 4.61167599975832 2.24289471576799 0.00980344904270303 3.7234737189608 0.994844678197367 -1.65883534656922 -0.539124131669271
1.18822663648734 -1.58173381133376 0.325673335785536 -0.658598334307061 0.527554276593945 0.791511968198102 1.24844044670056 -0.564908298571978 -0.273893706954551
0.157629697797582 -1.01350697627488 1.11171388777788 -0.656860916064548 0.546398980180217 -0.338741253322754 0.953007412769421 -0.283106099304575 0.115210634915421
0.943180801068694 -2.81936692498761 -0.141179472190107 0.356316778078316 0.677220661737191 1.95752045124784 1.53330888952173 -1.37868075196692 0.567776704381933
2.18583963029468 -6.58340919375143 3.44435307395076 -0.444251829995112 2.27095452389383 0.533125466677787 1.37343309410684 -0.615564457189534 -0.664567630189034
0.814216250368533 -1.6070923328825 0.33866983041589 -0.800215582763351 0.910971397000486 2.69406745012408 1.93615694472969 -1.88030410994672 0.155054062819897
2.89523326092981 -7.07116943273832 -0.329546027903848 0.782160652319058 0.596932249929525 1.76661171630742 2.34091625119098 -1.05123019902679 -1.6479216028815
-0.949216829463366 -3.3187487888189 3.62421864403801 -0.417162466535827 -0.758309019542235 1.79143460111177 -0.865610984883398 -0.447732634909502 0.210842367867235
0.867317096955958 -5.01803613437194 2.40969588461442 -0.532084054972206 1.45590258878433 1.30393836766401 2.48600953025226 -1.54731616943603 -0.386031324722654
1.20338911896198 -7.89164210919701 2.05576311575618 0.715599206249163 3.03431375353627 1.6911830052047 1.04784551950379 -1.12489524909823 0.135046950216313
3.66277528550067 -3.34922024075806 -0.668589105254025 -0.242391011541424 0.725689690641362 -0.405720250141086 0.0403903313062215 0.2086940450603 0.192396555451488
0.0768727832671538 -6.15415720439869 1.89619191863664 -0.212782250092085 2.0384746576076 0.104400692625094 0.933462423526581 0.285605842802583 -1.10886650941855
1.2759005139849 -3.32484991070744 -0.315896571087682 0.13447087988471 1.99915972862418 0.504999215589926 0.23309258145042 0.0804310000097193 0.0540917825702719
0.488382119059898 -1.47855973687971 1.57917195058932 -0.713627388024331 0.23107894409766 0.00803506509346152 -0.823754211730398 0.671977279882627 1.17675880783263
1.67028562636436 -5.7163492589919 -0.0282284605238222 1.15015161497356 0.0742978119926552 -0.631804531790644 0.901320410926318 -0.540018098113716 -0.224071500386746
0.385804745217971 -6.95149559359561 3.09641579448089 -0.00271715065254047 2.85162371838889 1.2773910809288 1.10363206038042 -0.310806416423207 0.108526604582677
0.812571408359433 -2.40625212243555 0.477703683757099 0.415689754422274 1.62509354843127 -0.255789628095356 0.72073293800387 -0.22248219380557 0.0801526681988148
2.94479680310013 -8.00935684465569 4.46807613640347 0.249831780230697 2.05673601435926 3.2776678430463 2.4252771138373 -1.31421864578704 -0.464400622976321
0.879084539862605 0.64138918740594 0.493223042972852 -1.02988556906184 1.66831831283437 1.07203441102017 -0.728182942709946 -0.414862687094716 0.00841294402851497
1.85310767209606 -7.54409391685539 2.46369357586425 0.986631613807012 2.97129767387475 2.28667041207705 0.930993720836239 0.063107867646764 0.598015839007523
1.91486893241296 -3.73114790295534 -0.29296290981549 0.471040720237018 1.97196544236378 0.601798040838602 0.32787638910192 -0.383656581938099 -0.268548816910659
1.797542463895 -4.4741176855523 -0.267972263272411 0.281757926074303 1.27204524141739 1.61242959691196 1.46126599964924 -1.44771554082477 -1.51064330314356
-1.22557024432391 -5.54961715553226 3.44424716029638 -0.518768092255882 0.477800543424271 1.03637886412991 0.530183492968597 -0.350788140771088 0.668868060213624
0.873871319075052 -2.87227081916899 1.1391345049284 0.591304442440752 -0.234413177787981 0.525441731582974 1.64501749717936 -0.246480499617172 -0.0475723924598924
0.720486797557075 -2.24169154300186 -0.0186907279582245 -0.0692028029771835 1.44531924690597 1.94757187245825 1.19399828165488 0.0715278387163548 0.0784217487092754
-0.80391389080371 -1.51715496611485 1.58317369960584 0.367452029939229 0.92798324135318 0.338523900076454 0.419635155177377 0.318583464987564 0.337277122736134
-0.472076023564484 -1.9328704726516 1.19573098827732 0.557052099062579 2.17515773280803 0.989058437897676 -0.315850642548733 0.719910397323047 0.874157002091925
-0.574919141970987 -1.7277506849135 2.86993198547636 0.0966822159721839 0.365956773048076 1.93388972621674 0.104664406229446 -0.699272553881324 0.323638109841821
1.73978221844081 -1.53219494583536 -1.05516582780717 0.0371048289085863 1.66300259929856 0.881241606716194 -0.328868395522016 -1.14642205229824 -0.400912356420105
-0.0579730856591576 -3.00638656082062 0.698481713611079 0.885114378914445 -0.553623670532687 2.05128081004857 0.829402063902714 -0.798948480662642 0.115803295880801
3.05282850973777 -7.27252795860029 2.88058355930629 0.40060201920108 2.02178533156094 -0.64433221530398 2.11659041009415 -0.702157390987583 -0.202486547806509
1.8550641874861 -6.59796332801947 1.45365787149086 0.12865853163821 2.43940269635854 2.815252077391 1.87731780012066 -1.91844335642878 -0.564525276283205
0.31932438494565 -0.0610069849399208 -0.894721348274884 -0.627308793881317 0.719127233689571 1.64843910158036 0.175474245492492 -0.60532694647216 0.530787546358077
-0.775615355526986 2.37067931780142 0.0795132495567555 0.733289948994339 0.948917374481037 0.203206242803162 -1.04145580215342 0.0126411002738794 0.205629801473018
2.76389874486888 -4.76171799487488 1.35669132249113 0.198222529172265 1.38444558699115 0.18256077460714 1.19744798896083 0.564093819051141 -0.51785966150826
1.85327450961279 -4.63221276141579 1.0133015712658 0.124728207775631 1.54445117524788 1.18269441872231 1.40530370192098 -0.293383794943985 -0.0988883288957634
0.917305011160286 -7.10831279981043 2.20492878426828 -0.738019690476844 0.307732879487276 0.467665993736127 0.516955661899814 0.344495582564228 -0.512170932960716
0.045227412150132 -3.57921212611045 0.371198587873412 0.484483600338372 0.687163466910493 0.370083377664902 -0.46216648424928 0.203628669207119 -0.164257348685071
0.294366909450499 -4.19490680501492 1.85194211478995 0.882004912468793 0.971527731356447 2.22358841936735 0.332820783031577 0.423893303913217 -0.00772145361465512
-0.471242877808964 -2.97081735955867 1.85762082703083 0.533447734636826 0.877176341132528 0.648795953881057 0.263082564518757 0.197938128234407 0.061386571975128
-0.511514508413199 -2.25634533848946 1.72041867362837 -0.217823864894535 0.459070223870816 -0.716080123441762 0.461770348466839 0.347964798194843 0.360677622032463
0.582207631045869 -4.23216120044253 1.79315291744385 -0.535653319707883 1.21050355809096 1.30637421614175 1.42265102179067 -0.794160949178426 0.346886272336673
-0.587694173568615 -5.52268943921342 2.61268651823181 -0.0993812330878042 1.03540671458861 2.02063181769629 0.38660432485157 -0.969744530405043 -0.244474238069276
-0.289764381481411 0.288149857197167 -0.686125420061427 -0.589239488685508 0.000882903350356179 1.37443438374425 -0.0276247466602578 -0.478124078314307 0.0695318057828573
-0.919477099404565 -2.44989981000936 1.6115879522418 1.53827333122229 -0.294564805694417 1.79504118857598 0.777747855276908 -0.626340796724903 0.189765691682862
1.32974975910325 -2.28783372282167 0.777686618920434 0.754026897634059 0.275939007557121 -0.762053739435538 1.47360913941878 -0.117360937857075 -0.733153065660232
3.37371890969817 -5.57328567582417 0.322070776472513 0.24295405115594 1.44459010143874 1.05243582209307 2.4638231556402 0.130377130030849 0.397595033505333
2.56798593664686 -5.93859259481697 1.07320877790863 0.12154806967348 0.225082935426934 2.45231216973192 1.44776771791234 -0.468944962005634 -0.425969603498927
3.11428066055107 -3.4684287754676 -0.598756159699607 1.16753862710476 -1.72849866312023 0.852902663515717 0.71370901369775 -0.54096469160596 -0.309387891359416
0.668592389894174 -4.10679665250688 1.31637708950058 0.472948630055724 -0.398045892835943 0.705929258875201 0.529404373502185 0.156281391401896 -0.269323222011122
0.428707854012589 0.107598866309473 0.144257332539468 -0.519971038374468 -0.257134910012925 -0.64088961287487 1.26781808907105 -0.571604696605475 -0.00505966116837932
1.34172450148441 -0.576385286313727 0.00216243357106694 1.14036915531826 1.1303195955235 1.07084496279062 -0.0590956893859593 -0.110589153025161 0.0281901746013819
4.82779151677485 -5.34822323927393 0.351324809631256 0.146317775692031 0.875787584004375 1.28655135104323 1.76722739812646 -0.499194291541959 -1.2295599942603
2.52146752064278 -3.30442025354247 1.63238712525231 -0.00797181777656952 1.10682220568888 1.19277998135633 1.58214107046614 -1.01537534586384 -1.00458138670611
-1.40282583439553 -0.874191204060111 0.99437357256112 0.462877394859602 0.307647192899688 1.64611811380452 1.59955127974668 -0.932034142451404 -0.245521916371175
0.462324023274056 0.342379469070387 0.977617595124902 -0.00384529867109268 0.745406315754404 1.13309578505929 -0.154147828322265 -0.0760972349094644 0.406692463568461
0.551151876232758 1.19144830580437 -0.582734057824713 1.99753592432268 -1.21907106887475 0.00728259068932618 -0.148179525964539 0.145274896701704 -0.190243605316272
-0.857791411554004 -3.89001626284227 1.55706827386584 -0.377371931268205 2.96396714499422 0.693763029865215 0.137525703939713 -0.126587168687042 0.0533392562088577
0.428632297930562 -3.80233869019703 2.17551500968738 -0.0140051284975871 1.32013634025659 1.09231665600703 -0.0815598542228015 -0.271334709258436 -0.465736458105341
1.3721200411971 -7.43932514377427 2.8312254301258 0.354153756742804 -0.893873435422652 0.830978334613788 2.83675019276328 -0.730864329036895 -0.154154590438383
1.17613873030288 -2.70456189732266 0.150307753686409 0.023149795673642 0.396503451724143 -0.235157150496819 -0.476517182443066 0.349989911543841 0.497098966911671
3.27994236408983 -3.7919590193312 -0.430304581626536 0.344358738284264 0.948453515555609 -0.147593746374811 0.340421245091978 0.859640210601829 -0.763018610142211
0.77539578922187 -4.81725196000786 3.58121839546053 -1.33394773909799 1.16885911249508 3.0859142237319 2.82140568058149 -1.55706277637884 -0.377785892208276
-0.142711432917115 -0.145117594203109 1.10421054499465 1.00919884793634 0.351007660222167 -0.0733757555290059 0.926257560122588 0.270147575827873 -0.399203497880207
2.89831274378923 -9.3693080772 2.05974421000474 -0.00834402479646225 -0.110112949610759 2.40813874741189 1.67105124972708 -1.14692513002082 -1.01019150469556
0.393011754471452 -8.01597007874215 3.04999981384346 -0.3604759664888 1.69430021797786 2.45678028790193 0.776492568060518 0.584157051853733 1.04382637165662
2.06496760395906 -7.16665953375529 0.800610231865567 0.702249531824899 1.55785583827611 2.13561616227939 1.95550567430997 -1.12650608693832 -0.320220584512653
-0.852608332947616 1.57343711234526 -1.23380051911496 0.616798029869725 -1.598642093435 -1.81719653017119 -0.0254869643768696 0.571697395397435 -0.232844118336012
-0.527360298738747 -1.32646501697265 2.19687878543343 -0.190103470816165 0.250366350965132 0.969204255094179 -0.211756815638732 -0.793171370760414 0.718784581900345
0.495392712391039 -2.10574786384524 0.149724413256135 -0.665636698061927 1.23906227162172 1.75437486169149 1.14467080747758 -0.359738513739754 0.418228524503222
3.78031390143179 -2.92188758441325 -1.86685480176068 -0.373378798316617 1.47462551220829 1.08287834316887 0.198524555049007 0.285297663009463 -0.374502953170693
3.44141074227643 -7.4064385013166 2.44384060359251 1.00520348311033 -0.361301083006676 1.62623676482154 1.99424262647136 -0.257298572387629 0.0828934540556672
1.35423343968029 -0.824025912891138 -0.264789982967655 -0.431965300859021 3.09448089124967 -0.834137476989164 -1.0982086625106 0.677022698057428 0.34703685897457
2.99200101487347 -4.76059635713903 1.14009015613324 0.14342688337456 1.13133067339114 1.63546567824801 1.98861550992266 -0.485353034236575 -0.273050574923037
-1.86827729993466 -2.34498410323682 2.26556452371818 -0.789238705001172 1.32701971577508 -0.750666634838902 -1.39695409239313 1.00509294538019 0.0276076256368346
0.784874460068349 -3.72816779190711 1.34323192596537 0.445325092936074 0.691186020072213 1.7359247502387 1.08220540814579 -0.645756835849831 -0.0374375225706252
1.92598449763006 -10.0135500483982 2.39906615677067 1.37431556646307 1.54370622591355 1.21220078289372 2.27144294862816 -0.698500287947698 -0.524460289569359
0.880221400266605 -0.869292362316714 -0.581069333571681 0.923992470199084 0.0763019535157982 0.833798314681177 0.42536064442072 -1.09801017429748 -0.729707709957354
0.579070909992635 -0.783753894447606 0.965818861895463 -0.0732281078662934 -0.0125448052230173 0.0347651664629262 -0.381048006404068 0.49117114975272 -0.0704107104348335
1.84824131112646 -6.25251010166556 4.89127719432372 0.957717522803575 3.15657389242488 2.80987959983256 1.47047470583809 -0.56406552666006 0.593778334412297
0.0639669200638169 -2.54280844918872 1.90185132136595 -0.0709348950938492 2.1674645269024 -0.247759245421779 0.413094826491898 0.0915371460113345 -0.00249583537864351
1.01869955759594 -2.55838306499607 0.821297894846154 -0.18908128441016 0.268094796144223 -0.0106586699467456 0.274987392546022 1.11977997748854 0.157027534043596
1.24267284972461 -5.65701165487518 3.29083436877259 -0.239182510206288 2.42568785504853 1.24718838578511 0.969346323032421 -0.242220832524363 -0.670408075094503
2.90660877000166 -1.01074409634559 -0.289931403199678 2.2612072462002 0.0710514068076321 -0.401357800160222 1.01665427026098 0.284753763243955 0.997042665030874
1.58005453656278 -4.94591167121953 1.14174825851418 0.735258124609926 1.74866148021548 0.912170887542314 -1.15044857680328 0.996235945430587 0.148014105343714
0.420577692546933 -3.53171841003368 1.11608080787674 -0.17252518122565 0.475592207796843 0.122256557737775 -1.63353568000989 0.118912704179054 0.353733353477181
4.57760216816158 -7.24508813361767 1.9615596082108 1.25881977195679 2.80440038548222 3.04708545655964 0.963169626139041 -1.21094318766058 -0.864010374818504
1.08240601544991 0.200886903087328 -1.57217676809768 -0.0853536718223288 -0.44487542300343 -0.645763921396118 -1.15325743241572 -0.111092049401171 0.20969575336933
1.99211935873233 -5.06507148042619 0.757919617132151 -0.145775089907482 1.71037517181756 -0.824489683931181 1.66416361002709 -0.990276530210982 0.00965105187685115
1.72899371313455 -1.94485603801973 0.17506032388441 -1.02502760761676 2.22447653993612 0.0853877133133019 0.979253099840204 -1.22998381872947 -0.378536218394603
1.45442435996291 -2.40213122776777 0.14746000208809 0.0270798278373151 -0.586844375396767 -0.139363787496089 0.671111423425425 0.198482734059008 -0.114374739334286
0.531556803588839 -0.726818901681724 0.397539044244722 0.187831806037595 0.00791426842834786 0.347471583492277 0.636494011868519 0.3000041870698 0.00676596250642986
1.71235712359956 -3.88346071555082 1.05855147674353 0.0390064963721409 -0.00497045286008957 0.814183183323279 1.89831167568699 -0.0715110798054694 -0.154605826074521
-1.24775587836533 -0.177315273427789 0.581536503415324 -0.117030494060604 0.306573285694939 1.88772731588062 -0.292812046993711 -0.37937078904144 -0.328757331466494
3.4149366041274 -6.20439114155958 -0.209279119142295 -0.633722227356553 0.675849523667996 0.282978091419211 1.9964331154386 -0.473321219474324 -0.133009189105269
0.095113066638714 -7.10574418697257 2.76208137770975 -0.439137246788132 0.269382380050401 1.81854202254781 3.40229725153837 -1.93259408938836 0.278381323761646
2.70103542260659 -8.79286820467319 2.43605614212941 0.792404007624367 1.49179240986588 2.77794274452122 3.7728444283786 -2.2664683428738 -0.545207905551601
1.22208997417106 -0.600114952333762 0.601937941509057 -1.32137392565182 0.412466162958809 -0.319966092170135 0.297689700674894 -0.223960067601611 -0.909928459063203
1.96966244912421 -1.28436894720058 0.288431586927426 0.0642009763298192 0.214196429543002 0.134457842638965 0.792177053442098 0.123372149546973 -0.536430559339772
2.34967761595075 -7.98838164661195 1.38429675789349 0.0584714085362352 1.0535074363808 0.537885063846972 2.35957671671912 -0.754862693074477 -0.270010805379151
-0.437242343683384 -1.39577894075012 1.42256954064552 -0.517078854916213 0.0284702496332061 0.114823150953394 -0.493967013343057 0.129781765645061 0.479188877819471
0.451380514532685 -0.723715548344289 1.46203491578539 0.322635998717834 2.85630197234052 1.54343923023032 -0.532340813855254 1.17778809338898 0.591221069763645
-0.927035844586457 -1.09257507058392 1.41853521590704 0.0286524201856008 -0.859157483535121 1.14174626922807 0.071359550344707 -0.137864450770772 -0.275953758762137
1.54434620652673 -2.43343744867678 0.570318690547399 -0.288260695442375 1.22833805260241 2.01558133540481 0.774731872404038 0.116584414259393 0.00803453005535698
1.71409937093998 -2.80708739641406 -1.35864295030177 0.617876044014219 0.982567286138495 1.20397275080943 0.106934852284234 -0.643041698180828 -0.570798692917098
-0.0563462015009196 -5.09882498673765 0.415344382074367 -0.5268396461283 1.01417962853021 2.40931628208 1.95759381767221 -1.26125898688177 -0.605640984158375
1.11879434453735 -3.51551447582164 0.864385681862263 0.256825079821197 0.716095427508617 -0.136153968524129 0.655953730282239 0.344445528731173 0.107571631882465
-1.51979736163859 -5.42240217144263 3.71617473222733 1.68683990049903 -2.16556018492644 -0.118955205460279 0.75384331655385 -0.436889559695359 0.0446928354816761
1.01186509582919 -8.75514759297517 1.50221567559093 0.630833071052458 -0.686713600377008 0.36416297295592 2.41806235096944 -0.74988817826073 -0.942458843685408
0.19782923561312 0.386357735839974 -1.50467988818922 0.518021000147068 -0.0918727801975792 0.362675837201384 -0.429387737302035 -0.431678096273281 -0.111438191005919
3.07561316816921 -9.50680845892092 3.7871724679543 -0.256108116690619 1.46394451343641 1.83146183623166 2.52681911124392 -0.861137916466812 -0.780020912192353
5.18345292600077 -6.30008355597415 0.847839347490106 1.05127576630903 0.707955961074371 1.0119549414414 1.4786345529616 -0.137939871800949 -0.535183630249021
0.74845964098396 -5.47255186022364 1.27711743690987 1.37860057670306 -0.416635813853915 1.41726858587282 1.55586279968271 -0.556874199122938 -0.198337226477968
-0.330560078751404 -4.45191122577035 2.77209923883815 0.260918783010089 1.14596201154132 2.01791043529725 0.729628419997243 -0.627242230337303 -0.144794670709756
1.85531721623288 -11.806654435851 4.86594608849209 0.360488795664088 -0.517016365580171 3.09142577113897 4.25421091235335 -1.33192490119251 -1.34804516462036
1.18670409567637 -4.12349309799229 2.02701961624951 1.06580917079887 0.847797492124653 0.356662482995948 0.486126388782693 -0.402843136535066 -0.235228008136715
-0.503355941064355 0.241610034506269 -0.52238132681126 -0.342059932405475 0.398077195245195 -0.253884030384141 1.45357940988721 -0.751930193056117 -0.637902615888266
2.7621525583405 -5.58899267475874 1.55463541100414 -0.337616496021037 1.96298110253577 0.434733453422019 0.201377618094569 0.218157475006165 -0.325382006042614
0.594322459203503 -1.83699846179203 1.99325232222299 0.813038881492687 0.291381032710005 0.852481452812923 -1.20591842573017 1.16665047587591 0.306707112628913
1.79059324090592 -4.35051214555822 0.856948620714708 -0.293497117372482 1.29926340591512 2.44289674860517 1.23216452236204 -1.32145363127883 -0.175987162077451
1.57088527458589 -0.602270336135282 -0.216160078541804 -0.358812153125712 0.74058120198454 0.288982868814485 0.360835793736478 0.157903813817047 0.293646729821714
0.499299659360643 -4.63098055507493 2.58583394959526 0.888400945989563 -0.205745631919245 1.26334719310719 0.891929374818335 -0.227289764409477 0.566526958186896
0.500574995401449 -0.943274364439913 -0.226979522192986 1.5591660318176 0.679263847989127 -0.159748058909685 0.523573616053003 -1.10425057142167 -0.740156398122453
0.755825707794312 -1.52484460816333 0.106448402048026 1.05341313135073 0.263078370541947 0.386262719761958 0.0316741067699467 0.221437925866068 -0.18340129935471
1.24743348044822 -2.15382502083599 0.455001325731902 -0.49754184643161 2.2955513052051 1.09566499615802 -0.0333785902415891 0.532448849798429 0.421255703068764
1.12275833166665 1.36271790296106 -1.49343306416939 0.902599560712039 -0.240774430535514 -1.02607103369397 -1.3209466097472 0.950646120074177 0.470958190853162
0.526495378626461 -0.741971675944032 0.636326496124578 -0.684411815492202 0.684234142774838 -0.0150386250429778 0.530493049767168 -0.425758418473202 0.151053532396489
3.28507131433998 -4.98606443723132 1.19949648509294 -0.231783568543566 1.66827076016133 1.54803784835887 1.65964129888546 -2.0521428215884 -0.87618845016647
0.579650058212487 -4.82067304245265 1.63526370880683 -0.179306230105837 1.64696841591892 2.14698516591057 1.03492850558574 -0.69946309818844 -1.13655074409885
0.943692976808115 -2.33476318504151 1.77686684328115 0.277426905068781 0.52769241137179 0.847053936443801 -0.542259451557615 0.211366359230962 0.446914234487135
0.0764640978212646 -0.946842241866701 1.30601961587747 -1.23500851456201 1.35067874147687 -0.217032163094251 0.22968327334745 1.08658009530686 -0.354357691698966
0.819069719929113 -3.24713498749555 0.278199527261215 1.08020115982477 1.72708647260899 1.66240265942339 0.170835853180852 -1.02458229173021 -0.325612587806318
0.711303984073327 -4.31028333415185 2.27192963507463 -0.509956355265898 1.39375521321438 -0.0571105876581878 0.988618664387583 0.538456964864072 1.20837715704647
2.26750597218277 -7.05627388822259 2.36359831493626 -0.266623466024857 0.935080540172599 2.51900271518085 2.35905831069429 -1.60509040127735 -0.183897525975229
2.63495873595497 -6.02985837823623 1.51553481367454 1.06576370777719 0.718339474242537 0.0745965788861354 0.455000021680135 -0.18943192470481 -0.545533774813091
2.35670377399001 -1.01985992606509 -0.604974463297987 0.0247005602478239 0.0870075114678835 0.086094948118467 -0.0926752542273395 0.456035360818862 -0.264994058246763
2.917785496137 -6.5480152879673 4.09032209721792 -0.330641974429938 0.50902826614261 0.42316084363551 0.930746267849728 1.05955658043169 -0.48701743428251
0.411836528183588 -0.50563521312746 0.459635490490262 -0.101044379360169 0.838200111355138 1.24343744895595 0.719735625915086 0.448309060608994 0.859632156345976
1.45606323669302 -2.65342810034646 2.07592763417683 -0.393870060847058 2.55463517650424 1.14622253069308 -0.105735275150645 1.28526821467017 0.285838495077795
0.528908618316967 -0.0446354307173172 -0.581306666842344 -0.180284775852646 -0.597250270662942 -0.857119521664673 1.07512423608635 0.263426640680442 0.368653483482746
-1.80418618827805 -2.51366677363873 3.7843870392027 1.70136247680385 -0.152415107041862 0.849080890486321 1.30773475547749 -1.49340740639366 -0.234185723781737
0.00522962118057468 -3.24574295091774 0.810492086528628 0.202357105348403 -0.489467215758009 -0.466304334613081 1.93616367934301 -0.720266189366123 0.123991131069103
3.04585091290967 -6.90582243016748 1.32808737774136 -0.334225020617931 1.1573236824434 2.89657050427739 4.40987402136468 -1.67220017407998 -0.462855835364694
2.80859280614068 -11.0130829115296 3.18988909297365 -0.621249175755283 1.83475962209147 4.0414503712206 3.88705826550878 -1.82894974020444 -0.413745603631724
3.02665330958639 -4.7053403961878 2.70752010228309 0.720577614706027 0.329043766162781 2.3040348739594 1.85055168811834 -0.33814667328899 0.489697833214324
1.85798943887097 -4.08298030830528 1.33737460008036 0.307816715049148 3.10807809289545 1.49608953803894 1.37868008592268 -0.1847601010148 0.289377640860798
1.9469231283546 -5.90555659184254 1.56486827599376 -0.740219905675192 1.72397515144583 0.711253333060224 1.60655522404916 -0.731489428147271 -0.629993486018886
2.21562366328231 -4.5603021187708 -0.0980850966443757 1.47526219613483 0.414304617963509 0.498721343507945 -0.150816035368069 0.0672265539191787 -0.888037647733127
1.8583533348656 -1.10470144973069 0.155592681288687 0.836481619704466 0.230213023187014 -0.722755398272598 -1.04789022037575 0.794417519420386 -0.374750429819491
-0.218137677912149 0.521770082749986 -0.349758354156171 -0.132153811883616 -0.0519941052579476 0.348093183996751 0.0525739732759406 -0.644480823620147 -0.2625884585868
3.06398806061372 -7.65847431908079 2.77787919381207 -1.46108756130482 2.03273627474484 1.29823273906923 1.84700720463469 -0.841685406931988 -1.0940175031899
0.625765876252481 -1.74642490684505 0.629644531394242 0.360173200595536 -0.419333947429013 0.816843687126438 -0.834231129387649 -0.251958775708932 0.0284211913448102
-0.536167133421545 0.727352329883619 1.31467272073093 -0.118723891077823 -0.383649860541712 0.641633013692145 -0.809324577155379 1.13462711728137 -0.117705601587927
2.00496857248531 -3.34478346006303 0.329279006492651 -1.10764708459273 0.436205838815972 1.57412029872731 2.88348179226726 -0.894977580164477 0.0549375802439569
1.86464866289508 -8.87592191701352 4.66675370041469 -0.389317151717236 1.34272591545231 1.88391584712176 2.2557613907909 -1.2104360926353 -0.121118979988183
2.93170276159075 -4.20086431934995 0.84748079973174 0.933576995579391 -0.578311109466536 0.22052089518365 0.667101001086315 0.975162565881081 -0.842067392138177
2.46559093827905 -5.51001348812365 0.875174386141949 0.556118878457805 0.719564465901044 2.98557066017382 1.65158817515182 -1.29231891006606 -0.388229983899662
4.57867732554722 -8.75061017805088 1.43460645839163 0.656790766874906 3.54055831284633 2.83559530939564 2.69241144997622 -0.70849231069554 -0.314113813858624
2.93966776816457 -6.97834298910116 2.93757245485725 0.133707395695698 0.660264558798364 2.43249107483681 1.07632849093138 -0.593108209902839 -0.491406087439234
0.786357576953476 -0.193141501087057 -0.0844088884674715 -0.52708945801689 -0.034447413316115 1.092142238319 1.137465158973 -0.676512974338248 0.00913558653581559
2.34576198135568 -5.28748245239836 1.49741551260514 0.598177936707515 0.617185537722722 -0.0596710956141725 0.11768727131384 1.13489868244981 1.16286819777922
1.28251918303398 -1.94965412718427 2.20479177083598 1.03878755203034 2.09638093420417 1.04247038900699 0.956824678911564 -1.17474626422189 0.298309530561266
2.349850278071 -6.23078497273674 2.1065171963374 0.315652503898785 0.716534072252797 1.83081887679563 2.20568903280081 -0.14550029486603 -0.153871958769206
2.22432074863249 -2.90038602455214 1.57488470408956 -0.584027241385506 0.798177913362967 1.13463837077924 2.04684475429027 -1.26431467510388 -0.633456122999458
0.459416904984069 -0.662271234170427 -1.16330521801069 0.965225728968243 0.378955622179986 0.000921840126506202 0.417500184812162 -0.282598962463889 -0.225721875048708
0.67949585290187 -2.74036441066129 0.336170181236748 1.06507888006275 1.09592003464784 0.932866293980172 -0.59191560132115 0.323390045674139 0.480764659589157
2.01521351565889 -7.98348230313195 1.48737397177473 0.192872450578958 0.736032144916829 2.36007379048188 2.30472930410094 -1.97610829046628 0.340000116130729
1.5898880996568 -5.03572705911204 2.26019882106132 -1.08521762956203 2.16008716947716 1.00962801845643 1.88397672891395 -0.690993732946268 -0.079350004729266
1.63995468810622 -0.753520882047143 0.820608122978801 0.159993409874293 1.7398478426827 0.781947784033872 1.22709521319374 -0.93964983868694 0.493522213375102
1.78805450990407 -5.07898419714421 1.38010252318294 -0.597169948112369 2.0659897959946 1.88320858254664 1.49211314652458 0.190182126639896 0.322412891911878
0.0750410586898742 0.649848300780405 0.868805695024578 0.139556419593295 0.655505592687825 -1.10099933120937 -0.612791096961526 0.321877415928491 0.397464793401935
0.344943108560544 -4.15208963606023 2.71097979150519 0.871971248150513 2.02001747915468 1.90347719208863 0.133372112104984 -0.711999275036966 0.739697848988994
0.39573382588201 -2.0043971631851 -0.045530125472184 -0.27898617768264 -0.458840637446713 -0.50630501524461 0.30863074536734 1.36103659765378 -0.0459785959040502
2.26288263227896 -5.18544604381039 1.84909006538347 1.12211094026631 1.57577437321465 4.05499505672996 1.68842039691656 -1.51619381382172 -0.395377412691266
1.64646283104192 -0.0832392968693478 -0.284751117146346 -1.00953343064074 3.48703799244 1.61054487977953 0.31214496849796 -0.42744843853784 0.0522505442122279
0.868214775438558 -4.76464258461796 1.68300163275462 0.408553950128339 -0.111673320663504 1.12559336972144 1.38364046424917 -1.2442925487311 0.338060229042337
-0.560423496860756 -1.56309123226547 0.747886086477754 0.393649721950094 0.87500763689182 -0.321645931495242 0.263625599091563 0.352227883978372 -0.157794320459805
0.625315308556831 -7.40097995540534 4.03393175335002 0.285558954200443 -0.657068905383661 0.666436739913488 1.1850371886023 0.269305474187798 0.437813753826545
1.82916538494192 -4.78117750650421 1.4365627219264 -0.0095554722355784 0.447121103530223 1.83013952138401 1.01577150313577 -1.0871973398249 -0.369492026655119
1.29575701902402 -0.558655337831068 -0.211386535537697 0.0424693706687867 0.656702778204057 -0.267886192934117 0.347174355448679 -0.123869685389601 -0.190146860583273
0.600694681728352 -0.543318155439479 0.111351000775524 0.28942226714348 -0.659745776174656 1.21513808672637 0.148403074316257 -0.775695979757271 -0.04533117527668
1.86518568803915 -5.41294743013135 1.68127445147631 0.313568836908701 0.758042719117888 1.95061306165809 2.34376299873207 -1.1489748931566 -0.293270527806449
3.08636017749228 -10.1226739768275 2.62025012649589 0.0398228338184102 1.35320156074976 2.21169869272154 4.25428463882544 -2.42926484284333 -1.11484396114793
2.38194146113954 -5.51375341093876 1.08738297960401 1.61800831131328 3.70139875305924 1.50602198482698 2.62739595605309 -0.786703749260463 0.0246467467938493
0.604153788262776 -2.39582478267499 1.05135208941088 -0.119371616437806 2.52998150733329 0.23706911902626 0.362034504771887 -0.100947907747036 -0.588668077199147
1.35060795408283 -5.25397034574224 1.41269643669365 0.891465206909761 0.240798518780266 2.09658546355128 1.36692419052324 -0.123352883066886 0.100988064787471
-0.026223468575772 -1.81263842259041 0.300705526617598 -0.989102432192075 0.138056043756894 0.599042478652532 -0.607387821103231 0.189714239065925 -0.602542842814236
-0.406541363114692 -0.798872425672502 0.599511544683644 -0.172137557961276 4.38913245894666 1.15124106464949 0.266440992090695 -0.751765043817405 0.0726060570455087
2.10758018847588 -2.83772757345338 1.16121188755219 0.0598485064900116 0.137562455707702 -0.444173236528633 -0.056633190787743 -0.0578169422118038 -0.0282579882144725
0.214638394087625 -5.52268788855057 0.805398595217429 1.19521202801433 -0.33461371662474 0.729060547172683 2.04859811840673 -1.31976846175324 -1.1778240826401
0.28784156418955 -7.04922345769125 4.1269665115734 -0.0541304401786189 1.24077541537043 1.46735726076955 1.30280458340803 -0.304042195155746 0.405456149744274
3.08755068658859 -6.94707050020057 1.87661883772613 0.967482585727051 1.61158125849168 3.20270001865712 2.93494931905369 -0.914829607671991 -0.181746045373588
2.31328021579862 -7.57823804767839 2.93156216083116 0.767084758545546 1.38646997479032 0.795948474295624 0.416360037443213 -0.477501064898595 0.261190161031421
1.03019982531621 -4.23866979765095 2.10926734837809 1.30524352745805 -0.136850512442413 1.54755144862001 1.36456423648558 -0.268748763681559 -0.0731424192206871
0.538328864432589 -2.77190781444483 1.34886566021121 0.545286597322974 -0.501506079703934 0.736886600992778 0.624182520847017 -0.443790663039975 -0.0557808812785086
1.29339844215466 -0.996624001961052 0.132149674667813 0.560534521037268 2.17594906261403 2.90476805669008 1.04936980800673 -2.16501114096217 0.201118014890841
3.07196073754851 -3.34382179909595 0.598360136425124 -0.059083676511417 0.464078131920215 0.190079920423024 -0.315259626862211 0.00781556731222277 -0.14717405892867
0.113130044230784 -6.77325968735867 2.24083681970164 0.0105928108910883 1.24891843841848 -0.0410204037801594 1.18080692945085 -0.378017091264733 -0.658107769674422
1.95356601777205 -3.16519124845331 0.0584232471615347 -0.148801253569391 2.18031628325924 0.979559997840278 0.21339671352306 -0.418987919767376 -0.213962040099459
2.21929992647613 -6.00057301088458 2.56897941658623 1.14964761602548 2.31792378097433 1.62596157302563 1.94854895801486 -0.833008046138379 -0.401595654282137
0.332728155651609 -0.151234803614341 -1.03044313491672 -0.464801487604234 0.20677092402046 -0.929462205497797 -0.127209754041601 0.58051645430284 -0.51726001383219
0.726999775394277 -7.10388820530931 4.01686974045344 0.0528730029565724 1.27840145363648 1.00420417714174 1.01356912959826 0.550100225034599 0.236459347040669
-1.27764256834218 -1.16290402594007 0.872880753681622 0.418558431162762 2.34544027428422 -0.0185093131781528 -1.41159880042939 0.290457277159421 0.573813221292342
3.15593923992199 -6.22628816383732 1.30312102993636 1.89658465631076 1.04859515229306 1.30435473731631 1.74458512840292 -0.121801973925367 -0.650599025197253
0.163321984107603 0.793865751765649 0.738144933815533 1.4328320023396 -1.08565625746729 -0.795908070309023 0.142922886741029 0.253126787415684 -0.717354683119013
1.32495199022373 0.778347548718497 -0.943954314560394 1.40540811814762 -0.6123873168767 0.0138203805748086 0.0106736905658735 0.0396482575476452 0.773112722436178
0.345588409589466 -7.16278150243327 3.48841671813773 -0.838950255200612 4.30665157196348 2.21528130369562 1.5527771846694 -0.373747979670133 -0.120382772930511
1.11724368373628 -0.441788244033362 1.01545816162008 0.100797988842144 -0.426619038640748 0.0810841779018401 -0.803201206969059 0.865917021929928 0.117553553573902
4.39825806689601 -8.09312964685673 2.37822703214386 -0.12372224185372 1.94700646378863 1.105038875891 2.04339267526093 -1.05060133149935 -0.28488080666173
1.28420507884727 -1.72786841762559 0.404734882417875 0.976360580373438 1.34566102817133 0.713162605360081 0.0744211165913297 -0.294120908629112 0.0326756261021563
0.732807184823175 -4.09711653149107 1.25849606140502 0.6237879460199 1.23100854720468 2.14783422851931 2.31522171094179 -0.595066291945556 -0.340285539140978
1.60089149547674 -5.30582703863708 2.30652689604172 0.0497495186142266 1.88400892343985 1.53538857318323 0.291639558365608 -1.44278990000411 0.431610310997785
-0.411707259308481 -3.07554493493438 2.22380226596025 0.416803977093203 1.33720429023849 0.208746929729179 1.37221304386708 -0.721008097211668 -0.100842273226811
2.66739571109217 -4.7736911122314 1.47393010886688 -0.554748001870703 1.62992251885361 0.0789738766984376 -0.419358279208911 1.27023842001897 0.895686438763025
1.00372266700388 -1.32738478032113 -0.341901777198885 0.142514375807064 2.92142145560274 -0.100192637163547 0.208259219109203 0.297043895671476 -0.158593879477957
2.9206676069872 -3.69476577985376 -0.534390054312196 0.326986200737438 -0.609605817141017 0.577639876379999 1.58082572506744 -0.388548440522113 -0.932539867187058
-0.217905432280404 -1.09715199093531 0.90974698944795 0.407653192491816 -0.00838352502124214 0.22909895856225 0.892684788533533 -0.767230718284715 0.132292613501288
1.05879024628102 -7.47525488508011 3.79715798390809 0.75826626606417 0.890330532685597 1.96177628919284 1.40305605558697 -0.829728611831871 -1.29959411314033
1.23989598095003 -8.85333724146644 3.62711513608251 0.255884226849618 -0.0771854137675426 1.23234350790719 2.93218558057411 -0.328972713722861 -0.595735028509277
0.529043462299993 0.50605932481066 -0.624527243198717 0.65921937730771 0.153292156154218 1.20990136554939 -0.456215019853092 0.636133020208736 -0.00640065022954892
0.765597659184166 -5.41418594914144 1.24149404575732 -0.859740318248007 2.1801276120534 0.849837298395235 1.25431099355876 -0.448396910974775 -0.0453685961741525
0.301907355172843 0.979916690607785 0.0409715062189097 0.797440650978986 3.00839477253672 -0.974258303992626 -0.9762797505639 0.630372063372789 -0.0473794545825282
1.63260782339103 -8.44138126008298 4.01374045280629 1.52386312231586 2.4750816833773 3.44550456697454 1.35738479131921 -0.164042417585482 -0.290490896822359
3.47782323145912 -5.64955470931365 0.970581845743173 0.179284548785107 0.786870255554102 1.16341724743806 3.03837808661692 -0.920383707184344 -0.387371003844901
1.05318772385867 -4.0617571569908 1.47378005215411 0.993483557830943 0.140082106315043 2.16090777465925 1.69030584570172 -0.438602839561115 0.115837550671545
-0.770593554609335 -6.11066091387156 1.81462785570339 1.34103378132057 2.03617067749574 2.46368482630998 1.83007892011721 -0.956041824014545 -0.272777826626503
2.74257424737068 -1.88194368938552 -0.884694147264402 0.628722971570753 -0.0457456620140106 0.933732346745683 0.760959764430711 0.0154287210926495 0.12099976375036
0.695538628849721 -2.56116748137042 2.30530125267653 0.303709670582331 1.38813925974161 0.785864195031097 0.0383282519326924 0.539641604888007 0.0960739252110335
-0.664960943481051 -0.771829040530747 0.586463178224836 -0.587099623515576 0.42345721304461 -0.102203236121908 -0.0428199893592528 0.0103569887460337 0.108802567338383
1.56069680287183 -2.08480063567817 -0.069966535584782 1.17633263518334 0.869342602110623 0.135913507941263 0.383617331349306 -0.647570307953693 -0.226987376419184
0.130282524153555 -3.70271608727735 0.572581079550675 -0.138967274159151 0.984011737589067 1.70710671447631 0.390591487531034 -0.355971794389121 0.0665165530573497
-1.62462504024117 1.2443154580729 -0.568533087201442 0.40390708663363 -0.262756578222652 0.0992689830651313 -0.400283426918544 -0.634248066400164 -0.465926956081919
0.953573231395791 -0.44667549012067 0.121408829705835 -0.646672536334911 0.657834147502233 -0.0234830783849819 0.630814903477547 -0.607046967717965 0.339106633456385
3.68227822477494 -4.57381376327124 0.636351097071644 0.748509109984125 -0.121040383610849 1.40826204990017 1.57017436397534 -0.854029569189641 -0.241582807544245
3.30639715694121 -8.32275379266528 0.42300400739179 0.561204676379921 1.02821848608943 0.540344019178601 3.19523842468057 -0.379199345385101 -0.217434146195647
1.54195327221174 -1.59106247318077 -0.512408541500707 0.0722042040772683 2.08294835905171 0.330985250139363 -0.0774828570292356 0.0710024058497761 -0.136174946644228
1.75603148876579 -4.39551366196393 -0.12575882424053 -1.54647184767139 1.00941335479578 -0.132523758266586 2.26109399269506 -1.05730040693853 -0.344315347257887
3.4696709337846 -6.37463056400664 0.0545253761602184 1.1787954833681 -1.03757289938986 0.286635641716562 1.20065405273465 0.621921191195323 0.0835638446736965
2.42340119548248 -5.18024867405748 2.66250272494042 0.560183217240443 0.392298005498832 1.04975764477543 2.34600978434073 0.133370580990499 0.348368378633748
1.39749911955463 -6.43787433799862 3.73462000256314 -0.259600042873386 1.1408227536334 0.878538504922547 1.37894834338708 0.214825691307526 -0.15493247744441
-0.41811681404637 -5.61693779428792 2.06153824224753 0.249889413669179 1.70262081954277 1.25137497000082 1.67027019618435 -0.716310878953934 -0.827031404942265
-0.021053548718158 -5.18932585304892 1.98875890495402 -0.186936061114548 1.61146766961149 1.16569220183815 0.0307705256640343 0.885056169567702 0.185272594944581
1.5276579159218 -2.6494699957785 0.7568166637925 0.428296895749223 0.0204585304405862 1.32962108941217 -0.444957737331947 0.560130196577302 0.72458570538912
3.01696249698652 -8.097668570948 1.50010298839893 0.821433000605715 -0.308732723507727 3.1262245778156 3.75052960765057 -1.67708476199929 -0.883920362284838
2.31033419286349 -10.3455033844863 4.44465300696238 0.31539158501284 1.48331638613588 2.93990615591666 2.06484232459772 -0.892397758449215 0.119475391620603
0.668392566040851 -7.4963194724271 4.31874472537507 0.461873335444775 0.394729398986193 1.26422089167386 1.05635875234392 -0.935903101605228 0.293568210135121
-0.0681189078045095 0.351684191033704 -0.757626377848218 0.303720030632965 0.0338189776988699 0.767399676065526 -0.449528925759058 -0.328986454207288 0.0544560551302354
1.52762618762077 0.201991467644967 -0.36030506917258 0.0474476544567536 0.245689983427613 -0.646411964588372 0.864470576152018 -0.268831732673891 0.282475129779771
1.15930606849328 -2.07845423997392 0.247723288859451 0.837349169101166 1.07781069035901 0.654335947757662 0.605078418015913 0.497127488236744 0.405674337394865
0.45528875342963 -0.471991524491909 -0.0335060510047814 1.00662071357172 1.36201836557409 0.53271957057649 -0.460271326951136 -1.17780129860009 -0.188638705067172
1.6761630172078 -2.591684806385 1.29720406503309 -0.892657602122879 4.27388788305623 0.58512915683563 0.388995604011906 -0.0766040367792779 -0.229678123006255
-0.812050558573825 -4.13987980519769 0.148713983700972 0.420585742768134 -0.189969434045233 1.20253089531308 1.27476319234502 -0.903000659101733 -0.0565496057110229
-0.636695522056101 -3.41360547813268 1.34571349005555 0.835675498553419 -1.3978585193269 -0.940403091180263 0.0273444662444438 0.590320502378623 0.522524126772994
0.872630772843384 -6.85157645801463 2.98730433005292 -0.497329774503092 1.10105286850767 0.176081879751195 0.199308004904783 0.235257593973273 -0.0407757259162425
2.21326819383579 -1.31876422847109 -1.35158787106691 0.631828773485779 1.7008057075725 0.817239781252444 -0.964150943411378 -0.0988072921435402 0.309319340685369
3.68982182961646 -7.72234232985362 1.55182312697695 0.760530141622469 0.695415123073411 2.36924921935459 2.66900297763152 -0.742944982334237 -0.767336214767464
1.28150357718265 -2.00646262465641 0.448591974103649 -0.137822539743667 2.95034089597326 0.525613538925941 0.594105951893038 -0.0866476852066038 0.10942241992974
1.01891471341351 -3.241910758422 0.93591980582849 1.15147593160955 -1.10116781797651 0.611069009832109 0.579285799464812 0.43158805938073 0.333885285181784
2.03625872984067 -2.52560173547538 -0.0836814795766811 1.51272312983909 -0.502323374991508 -1.88239106955119 0.223114203100192 0.139741287935162 -0.880847572429463
3.76548352411433 -7.6176712972048 0.956689426681374 -0.686407961064946 3.26649383152829 0.249280667034545 1.52074064800104 -0.452010335080988 -0.975451607747685
1.07629419545444 -5.33445966448917 2.01183192590105 0.591178240873637 3.54686868506691 -0.370228434521598 1.18318491014692 0.172311389433821 -0.834782547390398
1.31816984773645 -4.51911324927197 0.982665646029299 0.0213064780997515 -0.77639449616721 -1.45685416529104 -0.0240709819705174 0.822776370534681 0.285011499450319
1.09981805532172 -6.33449757309015 1.44643567135939 0.272553783157083 0.517612135409432 1.45433903598944 1.12929498340053 -0.42665789103012 -0.211492308772229
3.29025590519463 -4.51731017733167 0.652721845317457 0.35819561102824 2.85004844930078 0.290725975357106 0.117075527847616 0.454181851104885 -0.36818440830639
1.39888359435038 -5.97405811845537 2.97531170164866 0.281895254880115 -0.0212961745317881 2.07531391325237 2.43692690976903 -0.639241540652991 -0.407565757495003
2.23670162053797 -3.51982926930202 1.17136413990301 0.623373760596283 0.689950714359716 0.170340998200234 0.543992094084993 -0.287041890098225 -0.260797838455753
3.27751429041911 -5.02082311924359 0.23764176990164 0.0194065158005488 2.09715973946263 0.935784145418043 0.0966904793943004 -1.10810395096045 -0.485068851255161
1.81779346592775 -4.59631678191925 2.25983089948334 -0.306328120416705 0.626049503302957 1.19619263486149 2.01327766692893 -0.821829153330751 -0.796881955281913
-0.413590607320426 -0.743655001177519 0.314147514229866 0.07514288876222 -0.232683741557932 1.24483623934499 0.935651231626981 -0.794728587793504 0.12812986244431
1.76103781240468 -6.55531402086202 1.63469595673159 0.409723355772202 0.332994514427476 1.31144397930393 2.19010157212225 -0.435560490866931 -0.145908823349995
0.578219419923861 0.841198046573343 -0.830693843570443 0.335319027129975 1.55022630231141 1.42464378065838 0.837135322085949 -0.83757316892424 0.433439183749973
0.853800736259349 -0.385344312272672 0.631111752147445 1.25668149866119 -1.40741279936588 0.527480754749768 0.0525183881914305 -1.20226840455967 -0.163289938005888
-0.0160631812922571 -0.800661994974128 1.39785771822923 1.35040786499039 2.21078483701637 0.497797058084453 -0.801291920822133 -0.107324812229465 0.341460584832566
2.32531386087859 -5.31140587414516 1.43801693067366 0.972698498178341 2.46846322522974 1.6302458351594 0.37829545416056 0.00671921555616339 -0.248677779228728
4.05748991014923 -7.1550806391426 0.906122069005857 0.256817623727867 2.60068645639343 1.99236405507543 0.733633564714794 -0.95232472593577 -0.969216168729012
0.301000896728095 -1.57833305965988 1.33223511904725 0.598776729737602 0.266516250611237 0.830496344176796 -0.837705380361876 0.329078940461306 0.258478336649108
2.99732739466837 -6.81053333068933 0.517263177418488 0.574005927408757 1.17396545255797 2.04149271105152 2.67375946769868 -1.50034973989097 -0.555807954214186
2.15398486475207 -4.03520100951106 1.05913819999444 0.609739474134599 0.378145497203869 0.996690406787629 1.50292698708516 -0.805891488321711 -0.00488358767676439
2.11708357201341 -7.07846809017451 0.642829372506132 1.04289682724486 1.23088753609604 -0.419580519474766 1.56314573647886 0.215485756024154 -1.34063266664155
2.59309257619101 -3.64053924786836 0.714110731606797 -0.210380022919828 2.78637849855462 1.06444150165901 1.95543534317462 -0.756062781814942 -0.351135538546894
1.30376894665538 -2.58514763420004 -0.839754544004957 0.578043097503884 1.27723291656686 1.78301525311283 0.540883259892489 -0.897776397438429 -0.157884521543563
0.384919467773161 -4.54338318334499 0.933761340932957 0.272950057645134 0.0872759927834713 2.52816548220986 1.61435324704162 -0.714637931482044 -0.147714055588724
2.61210865784901 -6.48720002836389 0.0849676348399691 0.43238035081571 1.39462577252265 2.97112712635532 1.73892560795031 -1.2756523143072 -0.0458594520033325
0.934213049087077 -1.15782072465649 1.04996937186894 0.128853475198827 0.868677553942893 -0.118612190952737 0.0375179810075564 -0.266288842828908 0.214765468374501
1.99896959420832 -8.13395209584279 4.04054302359118 -0.387876174223841 -0.208827921944607 0.765964284146214 2.32612359908028 -0.600624320255599 -0.285113202158517
4.14715424780485 -4.56962257157348 0.602896135930676 -0.569150386214878 0.803038891855181 1.35050142944385 2.36362939458554 -0.197669557118733 -0.23948525394898
0.79433592304732 -9.34025953171713 4.84907236234185 -1.20945446023443 1.96204878316609 1.89274781079228 2.63680025920365 -1.35279719906255 0.0985757034496079
1.5002722176067 -0.472936314597326 1.02194211613974 0.435072273626721 -0.851699587682273 -1.21026032310814 -0.232149591651836 1.04926781950267 -0.0721676487153035
1.05596686628236 -2.48274115226004 1.15900801488544 -1.06034868033624 0.772416423686097 1.90364449305992 0.0234916800308978 -0.657480006345878 0.700671366507576
0.932464532188563 -4.02871830638573 1.42481351487464 -0.779954556350752 2.84552229268185 3.15144186965905 1.4535321622017 -1.1892038122343 -0.403015221618864
-0.896002822616611 -0.195277824337624 -0.0389474605899094 -0.101209048594836 -0.093818934966079 -0.240901329104136 -0.492730510405133 -0.00170344431625319 -0.258927762247364
0.67551478822352 -2.36360078577392 0.510811839521065 -0.46826897793178 1.13315244166536 1.49527434527302 1.78126797118809 -0.904171482999048 0.0291109649048634
1.9202643289031 -5.79923003381734 1.66369046219355 1.16943751469295 2.97353368762194 2.27658251276259 1.81035315257912 -1.05079283567458 -0.88660683735151
1.53747075931121 -4.63891299916442 1.11923368625937 -1.08105282096959 2.35004834635171 1.57602118537819 2.47875155575882 -0.493123410546357 -0.519776834892753
2.04859310621775 -10.5932422511633 3.1615862255063 -0.499381637613061 1.22044995489147 2.02801696767167 2.9160245366574 -0.973913500916824 -0.994481304740978
-0.433899215764132 -1.7794008949384 1.39334798727114 -0.644730318471244 0.464578801622269 1.8307338843366 0.568246020791472 -1.88313114822065 0.663698944933902
-0.313209495683081 -2.03507400936626 0.660286226355404 -0.667039089533013 0.833956314613976 2.24266412340487 1.04167341694675 -1.22911894405936 0.507737773574688
2.23933080370048 -6.61364518669466 3.54873687226446 -0.953239255792341 0.4908854245496 1.37575103948744 1.14445112613604 -0.922754310791722 0.0623470378249635
0.187849775494078 0.382797243857414 -0.707615742694071 -0.0175977909063898 0.544891810546272 -0.237714122121609 -0.314366837074921 -0.464538634120081 -0.325856496419019
1.48365207998238 -5.55547252684418 2.79973020115703 0.833873479806038 2.62676330075321 0.230792939727707 2.4756267849935 -0.985949243629186 0.536097740058644
0.991847588266563 0.0668459575409825 0.0557244095251488 -0.518984498485686 0.600134375210013 0.896114594679143 0.0669074858902814 -0.283791819511896 -0.422521581265447
0.529285789262213 -0.877532359103378 -0.123658120745436 0.828624525128346 1.16382565685363 -0.0213233238005748 -0.578757849162332 0.18390206837433 0.285730134582472
-0.31758276758257 -0.171033487722868 1.65357275753966 -0.459799193075202 1.10735479773924 0.494368740545552 0.322577359515341 -0.884338602427247 0.173476933792651
1.41625779770594 -0.611448048043826 -1.34915531169994 1.93994126183523 -0.741720050316398 -0.374440919262931 -0.827653032259718 0.747873124546587 -0.967632945735711
0.394332844664341 -4.78110924556268 1.80391205376736 -0.2752809616794 0.209298392708852 1.97142490934179 2.20422809921692 -1.03929793665466 0.499311982565332
-0.109128685691029 -1.83438371885167 1.58570018139919 0.423937335574552 2.27908418756009 2.20164067053399 0.140868436458322 -0.598768353599503 -0.0903702050405389
0.933163225271938 -2.57521735632813 0.627405873231145 -0.643202945684086 1.92927215262209 -1.27378257138689 0.363581377468262 0.629500170706158 0.0306939106518551
0.61422782608653 -7.36007367689018 4.80065667218828 0.142111725209834 1.07203881541395 3.03148740626077 0.987433663142491 0.115633152777339 0.627145252256777
0.329599026268235 -5.18999264468746 3.11369046131867 -0.335331604862479 0.690753451838063 1.14823894470575 2.16280210926622 -0.961592424924957 0.132852541054675
-0.800863744271742 0.190586232912495 1.64799647540308 -0.36409980648284 0.0903760960547825 -0.357597196506574 0.354522004355721 0.199439205063589 -0.438204561517163
-0.760870114628209 -3.5364816232519 0.8825597350769 0.105327168086398 -0.423471787400252 -0.554860007023043 1.08118808588016 0.217819099807173 -1.31824820868979
2.68981449910033 -2.92612372603491 -1.3198120917233 0.34031756370358 1.11549672599778 -1.81930525335523 0.857167655948945 0.829478837676978 0.622767061630978
1.34733981260248 -3.2835133056609 0.119688584211277 -0.406930934235022 -0.454500427245697 0.876269096117252 2.32636580774343 -0.453880983747784 -0.171737307578728
2.0879609780303 -2.95233364146251 1.62541258792314 1.12004966306933 0.209118182707581 -0.12285172439394 0.79069029184998 -0.451261234351195 -0.0815373805643614
1.86502287754674 -2.66854810229085 0.0911872196656772 0.571947150287225 -0.786750975065724 -0.225499877404821 0.978090802319214 -0.167744222595648 -0.45124778187714
0.641980200258108 -5.26171638654429 3.34408019909115 0.434509471039095 2.26840553153591 1.47517521074803 0.472969415334259 -0.397295329280466 0.335218652595115
-0.0495917266255097 -0.1329250638659 0.726039004098499 0.490196220381764 -0.00774003289556183 -0.302298373735144 0.68968699300335 -0.218787495904437 -0.559458623867323
1.30590531410558 -4.77302900559086 0.928557904051869 -0.268307721254115 1.65331196219062 0.352927005043863 1.04789460995993 0.525852232450955 0.269423516771626
2.21739328025438 -5.54341466668163 1.43299413673275 -0.133950397490674 1.71639305339443 -1.3474302552706 1.3379970129768 0.904106450842959 0.0164083961241397
-0.000418628834603182 0.0193592222407892 -0.782852702544323 -0.852441721959268 -0.0409191262967734 -0.31389074926624 0.0720429443274791 0.730257038978345 0.0278202680355076
-0.724924532738305 -3.51653001594492 2.97920941681871 0.261048789978656 1.81482107453741 0.0969933482259041 0.612221910779178 -0.758160251286541 -0.876972799622676
2.08501386521791 -9.59201119302439 3.6838089493627 -0.428879457336143 1.21244369028351 3.21193362601666 4.0481112554171 -1.65834061489774 -0.537492214288948
0.700744631946274 -5.3725637471021 1.39323497045559 -0.00232589554895712 0.248962157028674 2.27492766869792 2.16896799490589 -1.91085564637041 -0.305872138226441
1.24995629961016 0.352379910809817 -0.713653264705203 0.659134976491793 0.61055723811441 -0.0971657767792906 0.629840375140062 -0.684813249024885 -1.06940927629242
1.89481102953177 -6.3077696724811 1.47267284707666 0.723452929015899 0.93596992479516 2.4822700613995 1.14252568591481 -0.691135727333346 0.201866918872314
0.255403527462278 -0.611160364741644 -0.877699893390742 0.311385711660003 1.47722662244642 0.16617858410221 -1.16731116748161 0.541496018359869 -0.248327464647659
3.86110231797248 -1.75369274471367 0.080000683247782 0.541722441663808 1.22217058037618 -0.409798427176882 -0.129090122532228 -0.139934907817025 -0.569132536542456
2.09341927639314 -5.9781652822453 1.68651776800395 -0.75477906057262 2.72021542572924 2.62718874122608 1.74106800841958 -1.28744593621668 -0.652746090545978
1.2211402012056 -1.31289689060217 -0.0574609712041646 -0.174430862710934 0.556068793272445 0.302401760420675 0.539086972760586 0.320969637631912 -0.528168887710223
0.860338839600391 0.757040938218745 -1.93462475485666 0.333148814943826 0.275245602338944 -0.915067654566474 -0.00702071131608456 -0.422848040368096 1.35614294193085
1.66758336015388 -2.16551537641712 -0.0548774008271186 -0.408361928446858 0.509977616244755 -0.680902747500362 0.931585653885181 0.112625246337299 -0.00088115724370208
0.0596579014554347 -0.528739055358981 0.535288131156822 0.457770866816534 0.36060982795731 0.203565419759361 -0.897457324603022 -0.375827224947841 0.407394060017702
-1.71899269572027 -0.396053230777337 1.81069397000104 0.400307058163866 0.0475369776668021 1.53542821564142 0.279157385995196 -0.178339695686297 0.345277041731129
3.49232545113926 -7.76644408647522 1.44021502555645 0.0287197798377017 0.509796716665616 1.83371395301282 2.93248360023974 -0.631290104366693 -0.586596656225143
1.9687455424913 -2.68406620847483 3.18227578391695 -0.241921558796536 0.774755491897225 0.793794127843126 1.15697113658404 -0.191918673381135 -0.525313921004786
2.17185302333162 -3.11811004038971 0.370543488631134 0.277842922170784 2.61670278741731 -0.675260978011985 0.102365608576678 1.15332949800312 -0.563716285210918
0.969427075673419 -5.77162310224769 2.48603861939946 0.329785632040248 1.70223102482609 2.01252475444658 2.04307875063799 -0.332069489555447 -0.293108011736917
3.03312716371282 -5.23646728399623 -0.334489221403717 -0.0678167642352072 2.11970071908371 0.698263439832673 1.32647063729936 -0.489152667881416 -0.301775980889241
-0.492108845481474 1.86115175149071 -0.399615092649541 0.220578283183168 0.163169256463044 -0.339860015893093 0.170323688839293 0.682827744928709 -0.584118016501537
0.0997337501288411 -3.90371834233365 3.32918772585127 0.542429046249474 -1.39058463454517 0.702732456529808 -0.0188096398899296 0.363445942138609 0.32682903928133
0.990527950793987 -0.282353909141433 0.615272095215289 -0.959150036442619 -0.333071502876058 1.24297961904464 0.593819791201635 -0.961337372014135 -0.144121633932477
1.95933321153049 -0.571801138393827 -1.7219460884705 0.329575342049854 0.021686486680416 -0.0762873823196509 -0.135355686204296 -0.127805730137258 -0.268652764182186
-1.03159204146378 -4.69305451002622 1.45503684602007 -0.324156407655791 0.610670923186944 1.12197045126088 1.7982802788391 -0.157502498986942 -0.668552485503828
0.51368472669972 0.0907287954701048 0.116343643589669 1.20065376653333 -1.14335248178092 0.434515807642666 -1.03486285002536 0.370393714126648 -0.249081506670183
2.717682036433 -4.40014672670876 2.11978163010883 -0.488136349015284 1.02829538552989 0.255064268028518 -0.00882200103983061 -0.521040403585621 -0.280982387455656
2.38200489188634 -1.60506363613242 0.138714038892741 0.574865655200503 1.17135580214009 0.272736019432964 1.36571248035973 -0.758363622589621 -0.416429888762767
4.05833742074937 -6.59745155133294 0.33142073973801 -0.156162876426387 2.18239752457013 0.877739729715679 3.66241432256429 -0.994068684050642 -1.15684688721939
1.68910086963237 -3.20439174241405 1.18673213296899 1.80461462914468 0.633144937480554 1.7932454561469 0.768930234196575 -0.486142371458886 0.220696416185255
1.67755709291107 -5.80879024810669 0.977443728486847 -0.243171360704898 1.19809803812557 1.62594732941243 0.68030354396175 -0.792737238672307 0.442890117625277
-0.230135811135635 0.457604496575765 0.749991616830148 -0.503549456922964 0.911058567351349 -0.0581013560126599 0.312936842555089 -0.081822991298888 -0.127966912560005
0.775305052083174 -4.90680751039272 2.07806632131268 0.281329739103324 1.0039676997897 0.213845547054792 1.54916718708949 -0.213615505736421 0.0505821526351841
-0.486855238669197 -0.643521975066391 -0.00647795555629777 0.21031588920835 1.37406200899693 0.347076869769391 0.0825472331381442 0.186209551746321 1.19749117945295
0.763524667234887 -1.0300884389998 0.33892069458961 2.23632788547451 -0.410458050507578 1.18384777629656 -0.355974003336213 -0.450633942111883 0.247995828699804
0.543453884633592 -3.47950932575669 1.76323016390842 1.37029910570209 0.463527940776647 1.27978827464978 0.299362121395532 -0.92092967150225 0.108207575493387
1.73966871532093 -2.39090608659223 -1.41407782403738 0.161381148595899 0.33952386801823 -0.13619062736341 0.114815448718453 -0.594159941564347 0.286553886388497
1.56955779167305 -2.30391002670449 0.473041415396159 0.745209095591395 -0.958931856275584 0.948803822949663 2.2667897557338 -0.905594065379731 -0.289327406141087
0.859670635611105 -5.34277681231459 1.09753968674191 -0.414789211891725 0.359381105195108 0.359425825433539 1.10165773811593 -0.288076911698241 -0.897595571762829
-0.189791402754603 0.904114814652467 -0.828163366662112 0.521499382022902 -0.681283826299115 -0.349679627822055 1.35760778352059 -0.729287687874937 0.129320703761247
-1.05680748708569 0.936705064543478 -0.50958431887786 -0.563455928321539 0.588793982405264 -0.282703429849691 -0.223516439724035 -0.181459140277046 0.609208256887394
0.57946968989784 0.631159048592508 1.1984926967236 1.62967702402319 0.470148700880439 1.47932768530701 0.123961233594802 -0.791667058859089 -0.352448433262272
1.9956752885783 -2.02629627711721 -1.48857393012287 0.909370819664549 0.270862319166025 -0.0337775390304556 0.528144763403168 0.219208271178882 0.168100547786711
-0.213571354084486 -3.06213098101366 -0.286637418428912 0.234804186796288 0.554947657110112 0.0432601862123468 -0.60914812246325 -0.721108652993494 0.536299337752538
0.634049235090617 -5.44152253337762 1.18629583255161 0.994426574833145 1.05719024281335 2.03513666083304 1.84921761713746 -1.03254856772546 -0.552277705474948
1.05088548191753 -7.88903038554843 2.66784633775278 -0.377219861701004 1.56099629533255 1.34166056958012 2.71757106229764 -1.30171710348889 -0.385523148654682
4.59798340903656 -6.41454623833996 -0.0946432584952651 0.798828964359288 3.39157139073898 0.678374932293389 1.97861119168651 -0.109510213725125 -0.360619235150443
0.755540189993072 -1.97470086603468 1.59644799995116 0.169459157772051 0.365687034773912 0.485009588774944 0.832124415394485 0.0212619017586748 0.0461313084959762
3.22866245236217 -4.44013897045978 0.410304078744412 -1.56959261763605 1.87237481137595 1.82392153841875 2.80158261667498 -1.29323335423288 0.216298572106601
-1.2348752516521 -2.60820324156137 2.44900700112564 0.339363452664034 0.904053833742135 0.894038381514243 -0.000774085277953113 -0.655415527896836 -0.789748062461427
3.72001523722559 -5.90632106361439 0.636298742179317 1.26143239068902 1.61712761316381 0.247578469915376 1.0848941289512 0.100835456053159 0.0394518688217847
0.305436310038942 -2.76239732805941 1.76474429686321 0.190441433106817 0.0192110385574045 0.390113530423972 2.06458257770093 -1.02533240758071 -0.186695488533913
0.154266355888899 -0.471857848791608 0.902143996131307 0.675648712354224 -0.307856522316624 0.433768126120153 0.220917759132237 0.035326890894049 -0.126921866383564
0.541315219093171 -0.896536507303272 0.727581958063698 -0.419378549222757 -1.20958685041892 -0.750049016997852 1.0161282952892 0.18231889046842 0.46579308192273
1.46553472468438 -5.15501238595359 1.03532980654458 -0.846192773767197 1.70551368464739 2.32193202134561 2.38049240423836 -0.987884260298738 -0.62033133223007
